0, 1616.32
50, 1616.71
100, 1617.87
150, 1619.8
200, 1622.51
250, 1619.48
300, 1604.7
350, 1587.02
400, 1570.15
450, 1546.35
500, 1522.1
550, 1491.38
600, 1461.47
650, 1432.42
700, 1404.24
750, 1376.98
800, 1350.65
850, 1324.52
900, 1297.65
950, 1271.82
1000, 1247.09
1050, 1223.5
1100, 1201.09
1150, 1179.9
1200, 1159.98
1250, 1141.38
1300, 1122.53
1350, 1103.55
1400, 1086.04
1450, 1070.05
1500, 1055.66
1550, 1042.94
1600, 1032.36
1650, 1029.33
1700, 1031.44
1750, 1035.6
1800, 1041.72
1850, 1049.84
1900, 1060.01
1950, 1072.24
2000, 1086.57
2050, 1102.97
2100, 1121.42
2150, 1141.88
2200, 1164.3
2250, 1188.59
2300, 1214.69
2350, 1242.49
2400, 1271.9
2450, 1302.78
2500, 1335.02
2550, 1368.51
2600, 1403.13
2650, 1432.53
2700, 1462.07
2750, 1488.75
2800, 1511.21
2850, 1534.27
2900, 1557.88
2950, 1582
3000, 1604.65
3050, 1616.38
3100, 1621.47
3150, 1622.17
3200, 1623.29
3250, 1624.82
3300, 1622.42
3350, 1616.41
3400, 1610.87
3450, 1605.8
3500, 1598.8
3550, 1588.77
3600, 1574.41
3650, 1558.79
3700, 1543.91
3750, 1529.8
3800, 1516.48
3850, 1503.99
3900, 1492.37
3950, 1480.22
4000, 1461.67
4050, 1444.12
4100, 1427.62
4150, 1412.2
4200, 1397.92
4250, 1384.86
4300, 1367.63
4350, 1352.76
4400, 1343.08
4450, 1337.45
4500, 1333.81
4550, 1331.64
4600, 1330.83
4650, 1331.31
4700, 1333.07
4750, 1336.1
4800, 1340.39
4850, 1345.91
4900, 1352.68
4950, 1360.7
5000, 1369.99
5050, 1380.66
5100, 1393.1
5150, 1408.73
5200, 1429.16
5250, 1452.67
5300, 1477.84
5350, 1504.24
5400, 1531.71
5450, 1560.17
5500, 1589.58
5550, 1619.88
5600, 1651.04
5650, 1683
5700, 1715.75
5750, 1749.23
5800, 1783.41
5850, 1818.26
5900, 1846.67
5950, 1869
6000, 1891.86
6050, 1915.24
6100, 1939.12
6150, 1957.8
6200, 1970.19
6250, 1981.36
6300, 1992.94
6350, 2004.93
6400, 2017.31
6450, 2030.1
6500, 2037.69
6550, 2044.73
6600, 2051.66
6650, 2051.39
6700, 2051.65
6750, 2051.22
6800, 2043.31
6850, 2028.48
6900, 2014.34
6950, 2000.9
7000, 1988.21
7050, 1976.28
7100, 1965.13
7150, 1952.07
7200, 1927.53
7250, 1903.98
7300, 1881.48
7350, 1860.04
7400, 1839.71
7450, 1820.51
7500, 1802.47
7550, 1785.63
7600, 1770.02
7650, 1755.65
7700, 1742.57
7750, 1730.78
7800, 1720.32
7850, 1711.2
7900, 1703.44
7950, 1697.05
8000, 1692.06
8050, 1688.45
8100, 1686.25
8150, 1685.46
8200, 1686.08
8250, 1688.11
8300, 1691.53
8350, 1696.36
8400, 1702.56
8450, 1710.14
8500, 1719.08
8550, 1729.36
8600, 1740.95
8650, 1751.38
8700, 1757.21
8750, 1764.22
8800, 1772.38
8850, 1781.66
8900, 1792.05
8950, 1803.5
9000, 1816
9050, 1829.5
9100, 1842.14
9150, 1850.45
9200, 1859.56
9250, 1869.46
9300, 1875.07
9350, 1877.73
9400, 1875.72
9450, 1874.16
9500, 1871.11
9550, 1864.83
9600, 1858.99
9650, 1847.72
9700, 1828.13
9750, 1808.95
9800, 1790.17
9850, 1771.8
9900, 1753.83
9950, 1736.27
10000, 1719.1
10050, 1699.54
10100, 1676.77
10150, 1646.17
10200, 1615.5
10250, 1585.42
10300, 1555.96
10350, 1527.18
10400, 1499.16
10450, 1472.06
10500, 1446.17
10550, 1422
10600, 1400.26
10650, 1381.21
10700, 1364.39
10750, 1349.3
10800, 1335.78
10850, 1324.03
10900, 1314.64
10950, 1308.24
11000, 1305.01
11050, 1304.1
11100, 1304.87
11150, 1308.99
11200, 1316.23
11250, 1326.5
11300, 1339.77
11350, 1355.53
11400, 1373.07
11450, 1391.87
11500, 1411.66
11550, 1432.3
11600, 1453.73
11650, 1475.96
11700, 1499.06
11750, 1523.25
11800, 1548.87
11850, 1576.4
11900, 1593.79
11950, 1604.58
12000, 1616.64
12050, 1629.55
12100, 1643.06
12150, 1657.02
12200, 1670.37
12250, 1679.44
12300, 1688.75
12350, 1698.27
12400, 1708
12450, 1717.94
12500, 1728.08
12550, 1738.41
12600, 1745.76
12650, 1750.25
12700, 1754.94
12750, 1759.85
12800, 1760.15
12850, 1755.82
12900, 1742.02
12950, 1728.26
13000, 1714.79
13050, 1701.61
13100, 1688.76
13150, 1673.94
13200, 1652.54
13250, 1625.02
13300, 1596
13350, 1567.49
13400, 1539.54
13450, 1512.17
13500, 1485.43
13550, 1459.35
13600, 1433.97
13650, 1409.35
13700, 1385.52
13750, 1362.56
13800, 1340.51
13850, 1319.47
13900, 1299.51
13950, 1274.82
14000, 1250.76
14050, 1228.26
14100, 1207.5
14150, 1188.71
14200, 1172.13
14250, 1158.06
14300, 1146.78
14350, 1138.58
14400, 1133.76
14450, 1132.57
14500, 1135.01
14550, 1140.75
14600, 1149.3
14650, 1160.24
14700, 1173.27
14750, 1188.2
14800, 1204.88
14850, 1223.21
14900, 1243.11
14950, 1264.49
15000, 1287.3
15050, 1311.45
15100, 1336.9
15150, 1363.57
15200, 1391.39
15250, 1420.06
15300, 1441.56
15350, 1463.99
15400, 1487.29
15450, 1511.42
15500, 1536.33
15550, 1561.98
15600, 1583.63
15650, 1590.45
15700, 1593.95
15750, 1597.92
15800, 1602.32
15850, 1607.14
15900, 1612.36
15950, 1617.97
16000, 1623.34
16050, 1624.85
16100, 1626.76
16150, 1621.69
16200, 1608.16
16250, 1593.18
16300, 1569.11
16350, 1538.39
16400, 1503.48
16450, 1469.3
16500, 1435.93
16550, 1403.43
16600, 1371.89
16650, 1341.4
16700, 1312.09
16750, 1284.1
16800, 1257.59
16850, 1232.75
16900, 1209.76
16950, 1188.78
17000, 1169.93
17050, 1153.3
17100, 1138.91
17150, 1126.77
17200, 1116.88
17250, 1109.25
17300, 1103.86
17350, 1100.74
17400, 1097.6
17450, 1096.4
17500, 1097.52
17550, 1101
17600, 1106.87
17650, 1115.16
17700, 1125.85
17750, 1138.92
17800, 1154.28
17850, 1171.8
17900, 1190.77
17950, 1211.32
18000, 1233.55
18050, 1257.33
18100, 1282.53
18150, 1309.03
18200, 1336.74
18250, 1365.57
18300, 1395.46
18350, 1426.34
18400, 1458.14
18450, 1490.81
18500, 1524.31
18550, 1558.58
18600, 1593.58
18650, 1629.27
18700, 1665.19
18750, 1687.6
18800, 1703.46
18850, 1716.5
18900, 1723.4
18950, 1721.1
19000, 1712.59
19050, 1704.56
19100, 1694.74
19150, 1678.97
19200, 1657.69
19250, 1627.92
19300, 1596.86
19350, 1566.26
19400, 1536.15
19450, 1506.56
19500, 1477.52
19550, 1449.06
19600, 1421.23
19650, 1388.42
19700, 1356.28
19750, 1325
19800, 1294.63
19850, 1265.24
19900, 1236.88
19950, 1209.6
20000, 1183.48
20050, 1158.57
20100, 1134.98
20150, 1112.78
20200, 1092.11
20250, 1073.09
20300, 1053.69
20350, 1035.61
20400, 1019.86
20450, 1006.76
20500, 996.606
20550, 989.591
20600, 985.811
20650, 985.308
20700, 988.117
20750, 994.268
20800, 1003.28
20850, 1013.96
20900, 1027.56
20950, 1043.75
21000, 1062.26
21050, 1082.82
21100, 1105.22
21150, 1129.29
21200, 1154.86
21250, 1181.82
21300, 1210.05
21350, 1239.45
21400, 1269.93
21450, 1301.43
21500, 1333.88
21550, 1367.21
21600, 1399.82
21650, 1429.39
21700, 1459.68
21750, 1490.68
21800, 1522.34
21850, 1554.63
21900, 1587.52
21950, 1620.99
22000, 1655.01
22050, 1689.55
22100, 1724.6
22150, 1760.13
22200, 1796.13
22250, 1827.89
22300, 1850.41
22350, 1872.07
22400, 1894.17
22450, 1916.73
22500, 1939.73
22550, 1963.18
22600, 1987.08
22650, 2011.43
22700, 2036.22
22750, 2061.47
22800, 2087.16
22850, 2113.3
22900, 2139.89
22950, 2166.92
23000, 2194.41
23050, 2222.35
23100, 2250.75
23150, 2279.6
23200, 2308.91
23250, 2334.62
23300, 2360.27
23350, 2386.5
23400, 2413.33
23450, 2440.8
23500, 2468.98
23550, 2497.93
23600, 2527.77
23650, 2558.61
23700, 2590.6
23750, 2623.83
23800, 2658.35
23850, 2694.08
23900, 2730.91
23950, 2768.67
24000, 2807.23
24050, 2846.45
24100, 2886.23
24150, 2926.49
24200, 2967.19
24250, 3008.27
24300, 3049.69
24350, 3091.43
24400, 3133.46
24450, 3175.77
24500, 3216.44
24550, 3255.29
24600, 3294.43
24650, 3333.85
24700, 3373.53
24750, 3413.47
24800, 3453.66
24850, 3494.09
24900, 3534.75
24950, 3575.63
25000, 3616.73

