1360 | 0
1360.27 | 0
1360.54 | 0
1360.82 | 0
1361.09 | 0
1361.36 | 0
1361.63 | 0
1361.9 | 0
1362.18 | 0
1362.45 | 0
1362.72 | 0
1362.99 | 0
1363.26 | 0
1363.54 | 0
1363.81 | 0
1364.08 | 0
1364.35 | 0
1364.62 | 0
1364.9 | 0
1365.17 | 0
1365.44 | 0
1365.71 | 0
1365.98 | 0
1366.26 | 0
1366.53 | 0
1366.8 | 0
1367.07 | 0
1367.34 | 0
1367.62 | 0
1367.89 | 0
1368.16 | 0
1368.43 | 0
1368.7 | 0
1368.98 | 0
1369.25 | 0
1369.52 | 0
1369.79 | 0
1370.06 | 0
1370.34 | 0
1370.61 | 0
1370.88 | 0
1371.15 | 0
1371.42 | 0
1371.7 | 0
1371.97 | 0
1372.24 | 0
1372.51 | 0
1372.78 | 0
1373.06 | 0
1373.33 | 0
1373.6 | 0
1373.87 | 0
1374.14 | 0
1374.42 | 0
1374.69 | 0
1374.96 | 0
1375.23 | 0
1375.5 | 0
1375.78 | 0
1376.05 | 0
1376.32 | 0
1376.59 | 0
1376.86 | 0
1377.14 | 0
1377.41 | 0
1377.68 | 0
1377.95 | 0
1378.22 | 0
1378.5 | 0
1378.77 | 0
1379.04 | 0
1379.31 | 0
1379.58 | 0
1379.86 | 0
1380.13 | 0
1380.4 | 0
1380.67 | 0
1380.94 | 0
1381.22 | 0
1381.49 | 0
1381.76 | 0
1382.03 | 0
1382.3 | 0
1382.58 | 0
1382.85 | 0
1383.12 | 0
1383.39 | 0
1383.66 | 0
1383.94 | 0
1384.21 | 0
1384.48 | 0
1384.75 | 0
1385.02 | 0
1385.3 | 0
1385.57 | 0
1385.84 | 0
1386.11 | 0
1386.38 | 0
1386.66 | 0
1386.93 | 0
1387.2 | 0
1387.47 | 0
1387.74 | 0
1388.02 | 0
1388.29 | 7
1388.56 | 10
1388.83 | 18
1389.1 | 31
1389.38 | 42
1389.65 | 51
1389.92 | 56
1390.19 | 70
1390.46 | 90
1390.74 | 102
1391.01 | 111
1391.28 | 122
1391.55 | 137
1391.82 | 143
1392.1 | 158
1392.37 | 171
1392.64 | 180
1392.91 | 196
1393.18 | 212
1393.46 | 232
1393.73 | 246
1394 | 259
1394.27 | 277
1394.54 | 292
1394.82 | 308
1395.09 | 324
1395.36 | 337
1395.63 | 348
1395.9 | 363
1396.18 | 376
1396.45 | 392
1396.72 | 408
1396.99 | 427
1397.26 | 446
1397.54 | 465
1397.81 | 480
1398.08 | 495
1398.35 | 516
1398.62 | 528
1398.9 | 549
1399.17 | 571
1399.44 | 595
1399.71 | 612
1399.98 | 628
1400.26 | 651
1400.53 | 680
1400.8 | 701
1401.07 | 717
1401.34 | 731
1401.62 | 745
1401.89 | 760
1402.16 | 776
1402.43 | 805
1402.7 | 822
1402.98 | 840
1403.25 | 859
1403.52 | 884
1403.79 | 901
1404.06 | 925
1404.34 | 940
1404.61 | 959
1404.88 | 977
1405.15 | 993
1405.42 | 1006
1405.7 | 1018
1405.97 | 1037
1406.24 | 1054
1406.51 | 1077
1406.78 | 1090
1407.06 | 1122
1407.33 | 1150
1407.6 | 1166
1407.87 | 1192
1408.14 | 1213
1408.42 | 1231
1408.69 | 1253
1408.96 | 1273
1409.23 | 1297
1409.5 | 1327
1409.78 | 1346
1410.05 | 1369
1410.32 | 1385
1410.59 | 1407
1410.86 | 1421
1411.14 | 1441
1411.41 | 1467
1411.68 | 1491
1411.95 | 1510
1412.22 | 1531
1412.5 | 1553
1412.77 | 1576
1413.04 | 1596
1413.31 | 1617
1413.58 | 1637
1413.86 | 1657
1414.13 | 1673
1414.4 | 1697
1414.67 | 1723
1414.94 | 1743
1415.22 | 1761
1415.49 | 1781
1415.76 | 1795
1416.03 | 1816
1416.3 | 1834
1416.58 | 1850
1416.85 | 1864
1417.12 | 1885
1417.39 | 1902
1417.66 | 1919
1417.94 | 1934
1418.21 | 1957
1418.48 | 1969
1418.75 | 1987
1419.02 | 2006
1419.3 | 2031
1419.57 | 2043
1419.84 | 2060
1420.11 | 2076
1420.38 | 2102
1420.66 | 2123
1420.93 | 2140
1421.2 | 2153
1421.47 | 2172
1421.74 | 2192
1422.02 | 2205
1422.29 | 2230
1422.56 | 2244
1422.83 | 2270
1423.1 | 2292
1423.38 | 2315
1423.65 | 2329
1423.92 | 2351
1424.19 | 2355
1424.46 | 2376
1424.74 | 2390
1425.01 | 2396
1425.28 | 2395
1425.55 | 2407
1425.82 | 2415
1426.1 | 2417
1426.37 | 2426
1426.64 | 2435
1426.91 | 2433
1427.18 | 2433
1427.46 | 2451
1427.73 | 2465
1428 | 2458
1428.27 | 2464
1428.54 | 2453
1428.82 | 2459
1429.09 | 2446
1429.36 | 2444
1429.63 | 2449
1429.9 | 2450
1430.18 | 2442
1430.45 | 2445
1430.72 | 2472
1430.99 | 2473
1431.26 | 2489
1431.54 | 2487
1431.81 | 2490
1432.08 | 2475
1432.35 | 2465
1432.62 | 2469
1432.9 | 2473
1433.17 | 2481
1433.44 | 2482
1433.71 | 2465
1433.98 | 2472
1434.26 | 2477
1434.53 | 2479
1434.8 | 2481
1435.07 | 2485
1435.34 | 2496
1435.62 | 2500
1435.89 | 2491
1436.16 | 2488
1436.43 | 2490
1436.7 | 2486
1436.98 | 2496
1437.25 | 2495
1437.52 | 2499
1437.79 | 2508
1438.06 | 2500
1438.34 | 2491
1438.61 | 2497
1438.88 | 2497
1439.15 | 2485
1439.42 | 2482
1439.7 | 2490
1439.97 | 2498
1440.24 | 2492
1440.51 | 2492
1440.78 | 2489
1441.06 | 2501
1441.33 | 2499
1441.6 | 2503
1441.87 | 2504
1442.14 | 2498
1442.42 | 2507
1442.69 | 2509
1442.96 | 2515
1443.23 | 2514
1443.5 | 2517
1443.78 | 2518
1444.05 | 2525
1444.32 | 2528
1444.59 | 2528
1444.86 | 2524
1445.14 | 2529
1445.41 | 2533
1445.68 | 2546
1445.95 | 2554
1446.22 | 2551
1446.5 | 2562
1446.77 | 2552
1447.04 | 2560
1447.31 | 2558
1447.58 | 2560
1447.86 | 2557
1448.13 | 2563
1448.4 | 2557
1448.67 | 2570
1448.94 | 2569
1449.22 | 2573
1449.49 | 2572
1449.76 | 2566
1450.03 | 2576
1450.3 | 2570
1450.58 | 2573
1450.85 | 2563
1451.12 | 2568
1451.39 | 2567
1451.66 | 2550
1451.94 | 2547
1452.21 | 2543
1452.48 | 2540
1452.75 | 2540
1453.02 | 2543
1453.3 | 2528
1453.57 | 2529
1453.84 | 2525
1454.11 | 2527
1454.38 | 2529
1454.66 | 2534
1454.93 | 2529
1455.2 | 2531
1455.47 | 2525
1455.74 | 2522
1456.02 | 2518
1456.29 | 2514
1456.56 | 2510
1456.83 | 2510
1457.1 | 2506
1457.38 | 2513
1457.65 | 2519
1457.92 | 2514
1458.19 | 2514
1458.46 | 2511
1458.74 | 2502
1459.01 | 2495
1459.28 | 2495
1459.55 | 2495
1459.82 | 2493
1460.1 | 2480
1460.37 | 2477
1460.64 | 2476
1460.91 | 2464
1461.18 | 2452
1461.46 | 2452
1461.73 | 2441
1462 | 2441
1462.27 | 2447
1462.54 | 2453
1462.82 | 2450
1463.09 | 2446
1463.36 | 2446
1463.63 | 2445
1463.9 | 2455
1464.18 | 2451
1464.45 | 2457
1464.72 | 2464
1464.99 | 2477
1465.26 | 2477
1465.54 | 2478
1465.81 | 2475
1466.08 | 2476
1466.35 | 2470
1466.62 | 2462
1466.9 | 2467
1467.17 | 2472
1467.44 | 2472
1467.71 | 2480
1467.98 | 2478
1468.26 | 2478
1468.53 | 2485
1468.8 | 2491
1469.07 | 2488
1469.34 | 2488
1469.62 | 2486
1469.89 | 2474
1470.16 | 2460
1470.43 | 2455
1470.7 | 2450
1470.98 | 2460
1471.25 | 2469
1471.52 | 2457
1471.79 | 2467
1472.06 | 2470
1472.34 | 2460
1472.61 | 2455
1472.88 | 2454
1473.15 | 2455
1473.42 | 2450
1473.7 | 2456
1473.97 | 2455
1474.24 | 2454
1474.51 | 2462
1474.78 | 2462
1475.06 | 2453
1475.33 | 2447
1475.6 | 2442
1475.87 | 2451
1476.14 | 2447
1476.42 | 2448
1476.69 | 2429
1476.96 | 2435
1477.23 | 2434
1477.5 | 2431
1477.78 | 2431
1478.05 | 2426
1478.32 | 2420
1478.59 | 2420
1478.86 | 2410
1479.14 | 2413
1479.41 | 2411
1479.68 | 2419
1479.95 | 2411
1480.22 | 2419
1480.5 | 2407
1480.77 | 2408
1481.04 | 2412
1481.31 | 2410
1481.58 | 2409
1481.86 | 2401
1482.13 | 2400
1482.4 | 2404
1482.67 | 2405
1482.94 | 2397
1483.22 | 2394
1483.49 | 2405
1483.76 | 2408
1484.03 | 2393
1484.3 | 2400
1484.58 | 2397
1484.85 | 2396
1485.12 | 2405
1485.39 | 2414
1485.66 | 2415
1485.94 | 2415
1486.21 | 2412
1486.48 | 2409
1486.75 | 2413
1487.02 | 2419
1487.3 | 2427
1487.57 | 2430
1487.84 | 2431
1488.11 | 2424
1488.38 | 2424
1488.66 | 2419
1488.93 | 2420
1489.2 | 2437
1489.47 | 2441
1489.74 | 2442
1490.02 | 2438
1490.29 | 2448
1490.56 | 2457
1490.83 | 2466
1491.1 | 2469
1491.38 | 2471
1491.65 | 2461
1491.92 | 2460
1492.19 | 2465
1492.46 | 2470
1492.74 | 2460
1493.01 | 2458
1493.28 | 2458
1493.55 | 2463
1493.82 | 2467
1494.1 | 2467
1494.37 | 2477
1494.64 | 2467
1494.91 | 2462
1495.18 | 2464
1495.46 | 2462
1495.73 | 2462
1496 | 2461
1496.27 | 2467
1496.54 | 2459
1496.82 | 2458
1497.09 | 2458
1497.36 | 2452
1497.63 | 2455
1497.9 | 2461
1498.18 | 2459
1498.45 | 2459
1498.72 | 2468
1498.99 | 2467
1499.26 | 2462
1499.54 | 2462
1499.81 | 2463
1500.08 | 2449
1500.35 | 2450
1500.62 | 2447
1500.9 | 2439
1501.17 | 2430
1501.44 | 2424
1501.71 | 2423
1501.98 | 2413
1502.26 | 2405
1502.53 | 2406
1502.8 | 2404
1503.07 | 2409
1503.34 | 2404
1503.62 | 2394
1503.89 | 2394
1504.16 | 2388
1504.43 | 2380
1504.7 | 2380
1504.98 | 2384
1505.25 | 2386
1505.52 | 2390
1505.79 | 2381
1506.06 | 2377
1506.34 | 2376
1506.61 | 2368
1506.88 | 2361
1507.15 | 2350
1507.42 | 2345
1507.7 | 2348
1507.97 | 2346
1508.24 | 2331
1508.51 | 2335
1508.78 | 2336
1509.06 | 2339
1509.33 | 2335
1509.6 | 2335
1509.87 | 2330
1510.14 | 2333
1510.42 | 2339
1510.69 | 2328
1510.96 | 2320
1511.23 | 2309
1511.5 | 2306
1511.78 | 2308
1512.05 | 2298
1512.32 | 2301
1512.59 | 2299
1512.86 | 2307
1513.14 | 2304
1513.41 | 2307
1513.68 | 2300
1513.95 | 2297
1514.22 | 2292
1514.5 | 2288
1514.77 | 2289
1515.04 | 2290
1515.31 | 2293
1515.58 | 2298
1515.86 | 2295
1516.13 | 2289
1516.4 | 2286
1516.67 | 2281
1516.94 | 2279
1517.22 | 2272
1517.49 | 2262
1517.76 | 2258
1518.03 | 2262
1518.3 | 2263
1518.58 | 2258
1518.85 | 2259
1519.12 | 2255
1519.39 | 2256
1519.66 | 2253
1519.94 | 2246
1520.21 | 2247
1520.48 | 2246
1520.75 | 2240
1521.02 | 2241
1521.3 | 2231
1521.57 | 2241
1521.84 | 2235
1522.11 | 2231
1522.38 | 2236
1522.66 | 2234
1522.93 | 2233
1523.2 | 2221
1523.47 | 2225
1523.74 | 2228
1524.02 | 2213
1524.29 | 2200
1524.56 | 2201
1524.83 | 2203
1525.1 | 2191
1525.38 | 2196
1525.65 | 2191
1525.92 | 2195
1526.19 | 2194
1526.46 | 2193
1526.74 | 2200
1527.01 | 2193
1527.28 | 2191
1527.55 | 2185
1527.82 | 2183
1528.1 | 2189
1528.37 | 2184
1528.64 | 2198
1528.91 | 2198
1529.18 | 2199
1529.46 | 2204
1529.73 | 2203
1530 | 2206
1530.27 | 2202
1530.54 | 2214
1530.82 | 2213
1531.09 | 2220
1531.36 | 2219
1531.63 | 2223
1531.9 | 2235
1532.18 | 2235
1532.45 | 2224
1532.72 | 2224
1532.99 | 2233
1533.26 | 2220
1533.54 | 2209
1533.81 | 2209
1534.08 | 2203
1534.35 | 2197
1534.62 | 2193
1534.9 | 2188
1535.17 | 2191
1535.44 | 2191
1535.71 | 2189
1535.98 | 2189
1536.26 | 2184
1536.53 | 2192
1536.8 | 2207
1537.07 | 2212
1537.34 | 2212
1537.62 | 2220
1537.89 | 2214
1538.16 | 2217
1538.43 | 2212
1538.7 | 2221
1538.98 | 2224
1539.25 | 2223
1539.52 | 2228
1539.79 | 2221
1540.06 | 2219
1540.34 | 2217
1540.61 | 2216
1540.88 | 2225
1541.15 | 2213
1541.42 | 2210
1541.7 | 2211
1541.97 | 2214
1542.24 | 2220
1542.51 | 2225
1542.78 | 2231
1543.06 | 2230
1543.33 | 2234
1543.6 | 2242
1543.87 | 2243
1544.14 | 2241
1544.42 | 2240
1544.69 | 2231
1544.96 | 2233
1545.23 | 2231
1545.5 | 2226
1545.78 | 2223
1546.05 | 2234
1546.32 | 2231
1546.59 | 2225
1546.86 | 2233
1547.14 | 2250
1547.41 | 2244
1547.68 | 2240
1547.95 | 2238
1548.22 | 2231
1548.5 | 2240
1548.77 | 2242
1549.04 | 2241
1549.31 | 2245
1549.58 | 2251
1549.86 | 2250
1550.13 | 2253
1550.4 | 2237
1550.67 | 2235
1550.94 | 2230
1551.22 | 2230
1551.49 | 2222
1551.76 | 2217
1552.03 | 2218
1552.3 | 2212
1552.58 | 2220
1552.85 | 2214
1553.12 | 2216
1553.39 | 2225
1553.66 | 2224
1553.94 | 2227
1554.21 | 2232
1554.48 | 2235
1554.75 | 2239
1555.02 | 2244
1555.3 | 2248
1555.57 | 2240
1555.84 | 2234
1556.11 | 2240
1556.38 | 2247
1556.66 | 2242
1556.93 | 2226
1557.2 | 2235
1557.47 | 2224
1557.74 | 2224
1558.02 | 2226
1558.29 | 2231
1558.56 | 2236
1558.83 | 2230
1559.1 | 2236
1559.38 | 2234
1559.65 | 2230
1559.92 | 2235
1560.19 | 2234
1560.46 | 2234
1560.74 | 2244
1561.01 | 2253
1561.28 | 2258
1561.55 | 2264
1561.82 | 2270
1562.1 | 2273
1562.37 | 2265
1562.64 | 2274
1562.91 | 2281
1563.18 | 2289
1563.46 | 2296
1563.73 | 2299
1564 | 2289
1564.27 | 2301
1564.54 | 2307
1564.82 | 2313
1565.09 | 2313
1565.36 | 2304
1565.63 | 2302
1565.9 | 2304
1566.18 | 2308
1566.45 | 2294
1566.72 | 2291
1566.99 | 2300
1567.26 | 2304
1567.54 | 2300
1567.81 | 2290
1568.08 | 2304
1568.35 | 2306
1568.62 | 2304
1568.9 | 2300
1569.17 | 2309
1569.44 | 2312
1569.71 | 2303
1569.98 | 2318
1570.26 | 2315
1570.53 | 2316
1570.8 | 2319
1571.07 | 2330
1571.34 | 2338
1571.62 | 2342
1571.89 | 2351
1572.16 | 2348
1572.43 | 2346
1572.7 | 2344
1572.98 | 2346
1573.25 | 2343
1573.52 | 2346
1573.79 | 2358
1574.06 | 2356
1574.34 | 2360
1574.61 | 2352
1574.88 | 2366
1575.15 | 2368
1575.42 | 2375
1575.7 | 2384
1575.97 | 2396
1576.24 | 2400
1576.51 | 2412
1576.78 | 2416
1577.06 | 2418
1577.33 | 2421
1577.6 | 2423
1577.87 | 2431
1578.14 | 2436
1578.42 | 2435
1578.69 | 2437
1578.96 | 2435
1579.23 | 2443
1579.5 | 2440
1579.78 | 2435
1580.05 | 2440
1580.32 | 2439
1580.59 | 2440
1580.86 | 2450
1581.14 | 2466
1581.41 | 2461
1581.68 | 2460
1581.95 | 2459
1582.22 | 2454
1582.5 | 2454
1582.77 | 2463
1583.04 | 2460
1583.31 | 2457
1583.58 | 2458
1583.86 | 2469
1584.13 | 2477
1584.4 | 2469
1584.67 | 2469
1584.94 | 2478
1585.22 | 2472
1585.49 | 2474
1585.76 | 2480
1586.03 | 2488
1586.3 | 2483
1586.58 | 2473
1586.85 | 2478
1587.12 | 2487
1587.39 | 2486
1587.66 | 2498
1587.94 | 2497
1588.21 | 2492
1588.48 | 2496
1588.75 | 2497
1589.02 | 2502
1589.3 | 2495
1589.57 | 2496
1589.84 | 2498
1590.11 | 2504
1590.38 | 2511
1590.66 | 2515
1590.93 | 2512
1591.2 | 2503
1591.47 | 2504
1591.74 | 2489
1592.02 | 2479
1592.29 | 2473
1592.56 | 2467
1592.83 | 2455
1593.1 | 2451
1593.38 | 2444
1593.65 | 2451
1593.92 | 2450
1594.19 | 2459
1594.46 | 2448
1594.74 | 2456
1595.01 | 2461
1595.28 | 2478
1595.55 | 2479
1595.82 | 2490
1596.1 | 2492
1596.37 | 2495
1596.64 | 2500
1596.91 | 2505
1597.18 | 2512
1597.46 | 2506
1597.73 | 2504
1598 | 2513
1598.27 | 2514
1598.54 | 2518
1598.82 | 2521
1599.09 | 2529
1599.36 | 2528
1599.63 | 2521
1599.9 | 2527
1600.18 | 2524
1600.45 | 2524
1600.72 | 2528
1600.99 | 2527
1601.26 | 2520
1601.54 | 2514
1601.81 | 2511
1602.08 | 2515
1602.35 | 2509
1602.62 | 2506
1602.9 | 2499
1603.17 | 2492
1603.44 | 2498
1603.71 | 2506
1603.98 | 2515
1604.26 | 2528
1604.53 | 2532
1604.8 | 2527
1605.07 | 2531
1605.34 | 2534
1605.62 | 2534
1605.89 | 2535
1606.16 | 2535
1606.43 | 2544
1606.7 | 2535
1606.98 | 2536
1607.25 | 2534
1607.52 | 2535
1607.79 | 2525
1608.06 | 2528
1608.34 | 2524
1608.61 | 2538
1608.88 | 2541
1609.15 | 2550
1609.42 | 2561
1609.7 | 2561
1609.97 | 2567
1610.24 | 2564
1610.51 | 2573
1610.78 | 2579
1611.06 | 2577
1611.33 | 2576
1611.6 | 2581
1611.87 | 2590
1612.14 | 2581
1612.42 | 2590
1612.69 | 2597
1612.96 | 2604
1613.23 | 2594
1613.5 | 2586
1613.78 | 2595
1614.05 | 2587
1614.32 | 2592
1614.59 | 2583
1614.86 | 2574
1615.14 | 2567
1615.41 | 2568
1615.68 | 2561
1615.95 | 2560
1616.22 | 2568
1616.5 | 2566
1616.77 | 2574
1617.04 | 2572
1617.31 | 2559
1617.58 | 2558
1617.86 | 2560
1618.13 | 2566
1618.4 | 2567
1618.67 | 2571
1618.94 | 2575
1619.22 | 2568
1619.49 | 2558
1619.76 | 2567
1620.03 | 2566
1620.3 | 2559
1620.58 | 2545
1620.85 | 2542
1621.12 | 2542
1621.39 | 2545
1621.66 | 2542
1621.94 | 2542
1622.21 | 2546
1622.48 | 2539
1622.75 | 2536
1623.02 | 2529
1623.3 | 2533
1623.57 | 2532
1623.84 | 2537
1624.11 | 2544
1624.38 | 2537
1624.66 | 2532
1624.93 | 2528
1625.2 | 2526
1625.47 | 2523
1625.74 | 2523
1626.02 | 2522
1626.29 | 2520
1626.56 | 2514
1626.83 | 2508
1627.1 | 2500
1627.38 | 2502
1627.65 | 2504
1627.92 | 2502
1628.19 | 2505
1628.46 | 2506
1628.74 | 2513
1629.01 | 2507
1629.28 | 2504
1629.55 | 2495
1629.82 | 2498
1630.1 | 2493
1630.37 | 2484
1630.64 | 2486
1630.91 | 2489
1631.18 | 2478
1631.46 | 2480
1631.73 | 2485
1632 | 2484
1632.27 | 2476
1632.54 | 2470
1632.82 | 2464
1633.09 | 2454
1633.36 | 2448
1633.63 | 2448
1633.9 | 2437
1634.18 | 2429
1634.45 | 2414
1634.72 | 2407
1634.99 | 2400
1635.26 | 2389
1635.54 | 2389
1635.81 | 2381
1636.08 | 2378
1636.35 | 2371
1636.62 | 2372
1636.9 | 2362
1637.17 | 2362
1637.44 | 2351
1637.71 | 2356
1637.98 | 2356
1638.26 | 2351
1638.53 | 2352
1638.8 | 2342
1639.07 | 2344
1639.34 | 2342
1639.62 | 2340
1639.89 | 2336
1640.16 | 2332
1640.43 | 2328
1640.7 | 2321
1640.98 | 2323
1641.25 | 2318
1641.52 | 2329
1641.79 | 2321
1642.06 | 2315
1642.34 | 2311
1642.61 | 2304
1642.88 | 2298
1643.15 | 2282
1643.42 | 2281
1643.7 | 2264
1643.97 | 2253
1644.24 | 2249
1644.51 | 2246
1644.78 | 2242
1645.06 | 2239
1645.33 | 2241
1645.6 | 2240
1645.87 | 2236
1646.14 | 2229
1646.42 | 2231
1646.69 | 2232
1646.96 | 2231
1647.23 | 2227
1647.5 | 2218
1647.78 | 2208
1648.05 | 2192
1648.32 | 2186
1648.59 | 2170
1648.86 | 2164
1649.14 | 2167
1649.41 | 2159
1649.68 | 2153
1649.95 | 2145
1650.22 | 2145
1650.5 | 2136
1650.77 | 2146
1651.04 | 2153
1651.31 | 2150
1651.58 | 2150
1651.86 | 2151
1652.13 | 2152
1652.4 | 2153
1652.67 | 2148
1652.94 | 2141
1653.22 | 2136
1653.49 | 2135
1653.76 | 2130
1654.03 | 2127
1654.3 | 2136
1654.58 | 2149
1654.85 | 2154
1655.12 | 2165
1655.39 | 2175
1655.66 | 2178
1655.94 | 2188
1656.21 | 2191
1656.48 | 2194
1656.75 | 2200
1657.02 | 2209
1657.3 | 2203
1657.57 | 2197
1657.84 | 2203
1658.11 | 2193
1658.38 | 2190
1658.66 | 2193
1658.93 | 2207
1659.2 | 2216
1659.47 | 2214
1659.74 | 2215
1660.02 | 2213
1660.29 | 2216
1660.56 | 2207
1660.83 | 2200
1661.1 | 2196
1661.38 | 2206
1661.65 | 2205
1661.92 | 2190
1662.19 | 2196
1662.46 | 2198
1662.74 | 2192
1663.01 | 2193
1663.28 | 2204
1663.55 | 2202
1663.82 | 2206
1664.1 | 2199
1664.37 | 2198
1664.64 | 2195
1664.91 | 2200
1665.18 | 2208
1665.46 | 2205
1665.73 | 2195
1666 | 2190
1666.27 | 2188
1666.54 | 2201
1666.82 | 2191
1667.09 | 2187
1667.36 | 2184
1667.63 | 2182
1667.9 | 2185
1668.18 | 2179
1668.45 | 2184
1668.72 | 2190
1668.99 | 2201
1669.26 | 2199
1669.54 | 2198
1669.81 | 2204
1670.08 | 2203
1670.35 | 2217
1670.62 | 2229
1670.9 | 2229
1671.17 | 2236
1671.44 | 2238
1671.71 | 2243
1671.98 | 2253
1672.26 | 2257
1672.53 | 2253
1672.8 | 2255
1673.07 | 2259
1673.34 | 2258
1673.62 | 2249
1673.89 | 2260
1674.16 | 2259
1674.43 | 2261
1674.7 | 2265
1674.98 | 2262
1675.25 | 2268
1675.52 | 2278
1675.79 | 2280
1676.06 | 2282
1676.34 | 2288
1676.61 | 2290
1676.88 | 2283
1677.15 | 2296
1677.42 | 2297
1677.7 | 2308
1677.97 | 2302
1678.24 | 2301
1678.51 | 2302
1678.78 | 2299
1679.06 | 2306
1679.33 | 2309
1679.6 | 2312
1679.87 | 2323
1680.14 | 2325
1680.42 | 2316
1680.69 | 2318
1680.96 | 2320
1681.23 | 2310
1681.5 | 2316
1681.78 | 2322
1682.05 | 2326
1682.32 | 2327
1682.59 | 2330
1682.86 | 2345
1683.14 | 2341
1683.41 | 2341
1683.68 | 2346
1683.95 | 2353
1684.22 | 2355
1684.5 | 2349
1684.77 | 2346
1685.04 | 2343
1685.31 | 2342
1685.58 | 2341
1685.86 | 2339
1686.13 | 2344
1686.4 | 2341
1686.67 | 2343
1686.94 | 2348
1687.22 | 2353
1687.49 | 2362
1687.76 | 2364
1688.03 | 2355
1688.3 | 2353
1688.58 | 2366
1688.85 | 2366
1689.12 | 2364
1689.39 | 2370
1689.66 | 2363
1689.94 | 2364
1690.21 | 2366
1690.48 | 2372
1690.75 | 2377
1691.02 | 2382
1691.3 | 2386
1691.57 | 2391
1691.84 | 2401
1692.11 | 2396
1692.38 | 2390
1692.66 | 2397
1692.93 | 2404
1693.2 | 2399
1693.47 | 2397
1693.74 | 2390
1694.02 | 2374
1694.29 | 2371
1694.56 | 2361
1694.83 | 2362
1695.1 | 2356
1695.38 | 2358
1695.65 | 2363
1695.92 | 2359
1696.19 | 2353
1696.46 | 2354
1696.74 | 2355
1697.01 | 2359
1697.28 | 2364
1697.55 | 2370
1697.82 | 2384
1698.1 | 2388
1698.37 | 2381
1698.64 | 2379
1698.91 | 2380
1699.18 | 2385
1699.46 | 2385
1699.73 | 2385
1700 | 2375
1700.27 | 2375
1700.54 | 2367
1700.82 | 2371
1701.09 | 2377
1701.36 | 2376
1701.63 | 2370
1701.9 | 2369
1702.18 | 2371
1702.45 | 2372
1702.72 | 2380
1702.99 | 2378
1703.26 | 2369
1703.54 | 2366
1703.81 | 2368
1704.08 | 2365
1704.35 | 2364
1704.62 | 2364
1704.9 | 2354
1705.17 | 2348
1705.44 | 2350
1705.71 | 2348
1705.98 | 2342
1706.26 | 2342
1706.53 | 2349
1706.8 | 2344
1707.07 | 2331
1707.34 | 2330
1707.62 | 2331
1707.89 | 2322
1708.16 | 2318
1708.43 | 2304
1708.7 | 2301
1708.98 | 2304
1709.25 | 2304
1709.52 | 2295
1709.79 | 2283
1710.06 | 2279
1710.34 | 2276
1710.61 | 2263
1710.88 | 2259
1711.15 | 2248
1711.42 | 2226
1711.7 | 2220
1711.97 | 2219
1712.24 | 2221
1712.51 | 2218
1712.78 | 2218
1713.06 | 2219
1713.33 | 2209
1713.6 | 2199
1713.87 | 2186
1714.14 | 2180
1714.42 | 2180
1714.69 | 2178
1714.96 | 2178
1715.23 | 2177
1715.5 | 2173
1715.78 | 2179
1716.05 | 2177
1716.32 | 2184
1716.59 | 2180
1716.86 | 2173
1717.14 | 2172
1717.41 | 2183
1717.68 | 2180
1717.95 | 2185
1718.22 | 2183
1718.5 | 2178
1718.77 | 2178
1719.04 | 2170
1719.31 | 2161
1719.58 | 2147
1719.86 | 2136
1720.13 | 2140
1720.4 | 2142
1720.67 | 2143
1720.94 | 2146
1721.22 | 2138
1721.49 | 2135
1721.76 | 2134
1722.03 | 2119
1722.3 | 2113
1722.58 | 2107
1722.85 | 2098
1723.12 | 2094
1723.39 | 2091
1723.66 | 2078
1723.94 | 2075
1724.21 | 2081
1724.48 | 2078
1724.75 | 2071
1725.02 | 2069
1725.3 | 2063
1725.57 | 2059
1725.84 | 2062
1726.11 | 2058
1726.38 | 2058
1726.66 | 2051
1726.93 | 2046
1727.2 | 2033
1727.47 | 2041
1727.74 | 2045
1728.02 | 2044
1728.29 | 2046
1728.56 | 2031
1728.83 | 2035
1729.1 | 2029
1729.38 | 2022
1729.65 | 2014
1729.92 | 2017
1730.19 | 2005
1730.46 | 1999
1730.74 | 1989
1731.01 | 1992
1731.28 | 1995
1731.55 | 1995
1731.82 | 2005
1732.1 | 2014
1732.37 | 2007
1732.64 | 2016
1732.91 | 2026
1733.18 | 2030
1733.46 | 2037
1733.73 | 2043
1734 | 2044
1734.27 | 2044
1734.54 | 2052
1734.82 | 2056
1735.09 | 2050
1735.36 | 2042
1735.63 | 2051
1735.9 | 2057
1736.18 | 2062
1736.45 | 2058
1736.72 | 2053
1736.99 | 2047
1737.26 | 2049
1737.54 | 2050
1737.81 | 2047
1738.08 | 2046
1738.35 | 2045
1738.62 | 2056
1738.9 | 2054
1739.17 | 2048
1739.44 | 2043
1739.71 | 2050
1739.98 | 2045
1740.26 | 2044
1740.53 | 2042
1740.8 | 2046
1741.07 | 2049
1741.34 | 2048
1741.62 | 2046
1741.89 | 2047
1742.16 | 2044
1742.43 | 2052
1742.7 | 2060
1742.98 | 2061
1743.25 | 2054
1743.52 | 2053
1743.79 | 2049
1744.06 | 2051
1744.34 | 2051
1744.61 | 2045
1744.88 | 2049
1745.15 | 2037
1745.42 | 2047
1745.7 | 2049
1745.97 | 2045
1746.24 | 2050
1746.51 | 2058
1746.78 | 2060
1747.06 | 2068
1747.33 | 2077
1747.6 | 2084
1747.87 | 2084
1748.14 | 2078
1748.42 | 2076
1748.69 | 2076
1748.96 | 2079
1749.23 | 2080
1749.5 | 2091
1749.78 | 2084
1750.05 | 2086
1750.32 | 2094
1750.59 | 2093
1750.86 | 2104
1751.14 | 2113
1751.41 | 2111
1751.68 | 2110
1751.95 | 2103
1752.22 | 2111
1752.5 | 2103
1752.77 | 2105
1753.04 | 2101
1753.31 | 2106
1753.58 | 2096
1753.86 | 2101
1754.13 | 2095
1754.4 | 2087
1754.67 | 2082
1754.94 | 2075
1755.22 | 2070
1755.49 | 2069
1755.76 | 2062
1756.03 | 2057
1756.3 | 2057
1756.58 | 2054
1756.85 | 2062
1757.12 | 2065
1757.39 | 2057
1757.66 | 2055
1757.94 | 2059
1758.21 | 2065
1758.48 | 2074
1758.75 | 2076
1759.02 | 2082
1759.3 | 2086
1759.57 | 2097
1759.84 | 2099
1760.11 | 2103
1760.38 | 2106
1760.66 | 2105
1760.93 | 2102
1761.2 | 2102
1761.47 | 2096
1761.74 | 2102
1762.02 | 2106
1762.29 | 2113
1762.56 | 2102
1762.83 | 2101
1763.1 | 2104
1763.38 | 2094
1763.65 | 2096
1763.92 | 2087
1764.19 | 2085
1764.46 | 2081
1764.74 | 2077
1765.01 | 2059
1765.28 | 2062
1765.55 | 2059
1765.82 | 2063
1766.1 | 2055
1766.37 | 2055
1766.64 | 2054
1766.91 | 2051
1767.18 | 2046
1767.46 | 2045
1767.73 | 2045
1768 | 2039
1768.27 | 2038
1768.54 | 2039
1768.82 | 2041
1769.09 | 2042
1769.36 | 2039
1769.63 | 2037
1769.9 | 2033
1770.18 | 2037
1770.45 | 2034
1770.72 | 2039
1770.99 | 2033
1771.26 | 2021
1771.54 | 2015
1771.81 | 2015
1772.08 | 2013
1772.35 | 2007
1772.62 | 2005
1772.9 | 2008
1773.17 | 1996
1773.44 | 1992
1773.71 | 1983
1773.98 | 1983
1774.26 | 1983
1774.53 | 1972
1774.8 | 1978
1775.07 | 1973
1775.34 | 1971
1775.62 | 1968
1775.89 | 1965
1776.16 | 1963
1776.43 | 1966
1776.7 | 1971
1776.98 | 1972
1777.25 | 1970
1777.52 | 1981
1777.79 | 1981
1778.06 | 1978
1778.34 | 1988
1778.61 | 1982
1778.88 | 1970
1779.15 | 1976
1779.42 | 1978
1779.7 | 1984
1779.97 | 1981
1780.24 | 1985
1780.51 | 1985
1780.78 | 1987
1781.06 | 1992
1781.33 | 1996
1781.6 | 1998
1781.87 | 1991
1782.14 | 1996
1782.42 | 1998
1782.69 | 1984
1782.96 | 1991
1783.23 | 1988
1783.5 | 1982
1783.78 | 1984
1784.05 | 1980
1784.32 | 1975
1784.59 | 1977
1784.86 | 1975
1785.14 | 1971
1785.41 | 1972
1785.68 | 1967
1785.95 | 1960
1786.22 | 1959
1786.5 | 1968
1786.77 | 1965
1787.04 | 1962
1787.31 | 1953
1787.58 | 1950
1787.86 | 1949
1788.13 | 1951
1788.4 | 1949
1788.67 | 1962
1788.94 | 1956
1789.22 | 1954
1789.49 | 1960
1789.76 | 1967
1790.03 | 1970
1790.3 | 1967
1790.58 | 1977
1790.85 | 1981
1791.12 | 1980
1791.39 | 1986
1791.66 | 1988
1791.94 | 1990
1792.21 | 1991
1792.48 | 1997
1792.75 | 1997
1793.02 | 1999
1793.3 | 2008
1793.57 | 2015
1793.84 | 2018
1794.11 | 2021
1794.38 | 2031
1794.66 | 2036
1794.93 | 2047
1795.2 | 2052
1795.47 | 2049
1795.74 | 2051
1796.02 | 2048
1796.29 | 2046
1796.56 | 2047
1796.83 | 2048
1797.1 | 2050
1797.38 | 2046
1797.65 | 2045
1797.92 | 2028
1798.19 | 2025
1798.46 | 2022
1798.74 | 2035
1799.01 | 2037
1799.28 | 2038
1799.55 | 2036
1799.82 | 2045
1800.1 | 2058
1800.37 | 2064
1800.64 | 2065
1800.91 | 2062
1801.18 | 2070
1801.46 | 2066
1801.73 | 2062
1802 | 2064
1802.27 | 2071
1802.54 | 2083
1802.82 | 2091
1803.09 | 2090
1803.36 | 2087
1803.63 | 2089
1803.9 | 2086
1804.18 | 2088
1804.45 | 2089
1804.72 | 2096
1804.99 | 2100
1805.26 | 2104
1805.54 | 2090
1805.81 | 2086
1806.08 | 2092
1806.35 | 2094
1806.62 | 2086
1806.9 | 2089
1807.17 | 2089
1807.44 | 2099
1807.71 | 2094
1807.98 | 2100
1808.26 | 2104
1808.53 | 2104
1808.8 | 2102
1809.07 | 2103
1809.34 | 2097
1809.62 | 2102
1809.89 | 2095
1810.16 | 2097
1810.43 | 2094
1810.7 | 2093
1810.98 | 2094
1811.25 | 2095
1811.52 | 2102
1811.79 | 2105
1812.06 | 2103
1812.34 | 2106
1812.61 | 2103
1812.88 | 2105
1813.15 | 2105
1813.42 | 2108
1813.7 | 2108
1813.97 | 2111
1814.24 | 2109
1814.51 | 2103
1814.78 | 2103
1815.06 | 2114
1815.33 | 2122
1815.6 | 2123
1815.87 | 2132
1816.14 | 2127
1816.42 | 2125
1816.69 | 2135
1816.96 | 2143
1817.23 | 2133
1817.5 | 2134
1817.78 | 2135
1818.05 | 2140
1818.32 | 2146
1818.59 | 2141
1818.86 | 2140
1819.14 | 2128
1819.41 | 2125
1819.68 | 2122
1819.95 | 2121
1820.22 | 2135
1820.5 | 2139
1820.77 | 2140
1821.04 | 2148
1821.31 | 2153
1821.58 | 2155
1821.86 | 2142
1822.13 | 2146
1822.4 | 2140
1822.67 | 2131
1822.94 | 2131
1823.22 | 2134
1823.49 | 2130
1823.76 | 2136
1824.03 | 2142
1824.3 | 2139
1824.58 | 2148
1824.85 | 2142
1825.12 | 2147
1825.39 | 2156
1825.66 | 2153
1825.94 | 2156
1826.21 | 2153
1826.48 | 2149
1826.75 | 2144
1827.02 | 2141
1827.3 | 2133
1827.57 | 2128
1827.84 | 2121
1828.11 | 2112
1828.38 | 2106
1828.66 | 2098
1828.93 | 2096
1829.2 | 2092
1829.47 | 2094
1829.74 | 2080
1830.02 | 2068
1830.29 | 2069
1830.56 | 2065
1830.83 | 2053
1831.1 | 2056
1831.38 | 2053
1831.65 | 2055
1831.92 | 2052
1832.19 | 2058
1832.46 | 2059
1832.74 | 2059
1833.01 | 2057
1833.28 | 2066
1833.55 | 2068
1833.82 | 2074
1834.1 | 2075
1834.37 | 2074
1834.64 | 2080
1834.91 | 2075
1835.18 | 2075
1835.46 | 2076
1835.73 | 2078
1836 | 2071
1836.27 | 2079
1836.54 | 2082
1836.82 | 2078
1837.09 | 2082
1837.36 | 2082
1837.63 | 2085
1837.9 | 2093
1838.18 | 2087
1838.45 | 2096
1838.72 | 2099
1838.99 | 2107
1839.26 | 2108
1839.54 | 2095
1839.81 | 2091
1840.08 | 2095
1840.35 | 2096
1840.62 | 2101
1840.9 | 2114
1841.17 | 2121
1841.44 | 2123
1841.71 | 2124
1841.98 | 2119
1842.26 | 2116
1842.53 | 2103
1842.8 | 2110
1843.07 | 2109
1843.34 | 2115
1843.62 | 2116
1843.89 | 2122
1844.16 | 2121
1844.43 | 2118
1844.7 | 2121
1844.98 | 2113
1845.25 | 2110
1845.52 | 2113
1845.79 | 2109
1846.06 | 2115
1846.34 | 2114
1846.61 | 2112
1846.88 | 2115
1847.15 | 2117
1847.42 | 2120
1847.7 | 2112
1847.97 | 2110
1848.24 | 2099
1848.51 | 2102
1848.78 | 2101
1849.06 | 2107
1849.33 | 2104
1849.6 | 2099
1849.87 | 2103
1850.14 | 2098
1850.42 | 2082
1850.69 | 2083
1850.96 | 2072
1851.23 | 2074
1851.5 | 2075
1851.78 | 2069
1852.05 | 2070
1852.32 | 2077
1852.59 | 2085
1852.86 | 2083
1853.14 | 2083
1853.41 | 2086
1853.68 | 2085
1853.95 | 2081
1854.22 | 2071
1854.5 | 2069
1854.77 | 2070
1855.04 | 2065
1855.31 | 2072
1855.58 | 2082
1855.86 | 2077
1856.13 | 2090
1856.4 | 2080
1856.67 | 2080
1856.94 | 2072
1857.22 | 2076
1857.49 | 2070
1857.76 | 2061
1858.03 | 2076
1858.3 | 2078
1858.58 | 2087
1858.85 | 2087
1859.12 | 2094
1859.39 | 2102
1859.66 | 2102
1859.94 | 2107
1860.21 | 2110
1860.48 | 2107
1860.75 | 2112
1861.02 | 2113
1861.3 | 2129
1861.57 | 2127
1861.84 | 2124
1862.11 | 2143
1862.38 | 2149
1862.66 | 2156
1862.93 | 2161
1863.2 | 2173
1863.47 | 2165
1863.74 | 2168
1864.02 | 2167
1864.29 | 2173
1864.56 | 2182
1864.83 | 2191
1865.1 | 2191
1865.38 | 2192
1865.65 | 2188
1865.92 | 2185
1866.19 | 2184
1866.46 | 2185
1866.74 | 2185
1867.01 | 2193
1867.28 | 2190
1867.55 | 2192
1867.82 | 2187
1868.1 | 2186
1868.37 | 2183
1868.64 | 2182
1868.91 | 2173
1869.18 | 2175
1869.46 | 2176
1869.73 | 2161
1870 | 2162
1870.27 | 2161
1870.54 | 2156
1870.82 | 2151
1871.09 | 2142
1871.36 | 2137
1871.63 | 2141
1871.9 | 2126
1872.18 | 2114
1872.45 | 2121
1872.72 | 2116
1872.99 | 2115
1873.26 | 2121
1873.54 | 2121
1873.81 | 2123
1874.08 | 2118
1874.35 | 2119
1874.62 | 2117
1874.9 | 2107
1875.17 | 2116
1875.44 | 2116
1875.71 | 2102
1875.98 | 2108
1876.26 | 2110
1876.53 | 2109
1876.8 | 2109
1877.07 | 2109
1877.34 | 2106
1877.62 | 2105
1877.89 | 2110
1878.16 | 2109
1878.43 | 2105
1878.7 | 2089
1878.98 | 2091
1879.25 | 2097
1879.52 | 2094
1879.79 | 2097
1880.06 | 2101
1880.34 | 2095
1880.61 | 2099
1880.88 | 2107
1881.15 | 2103
1881.42 | 2099
1881.7 | 2095
1881.97 | 2104
1882.24 | 2108
1882.51 | 2114
1882.78 | 2118
1883.06 | 2127
1883.33 | 2144
1883.6 | 2144
1883.87 | 2146
1884.14 | 2152
1884.42 | 2151
1884.69 | 2144
1884.96 | 2151
1885.23 | 2152
1885.5 | 2144
1885.78 | 2142
1886.05 | 2150
1886.32 | 2147
1886.59 | 2149
1886.86 | 2144
1887.14 | 2147
1887.41 | 2161
1887.68 | 2161
1887.95 | 2165
1888.22 | 2166
1888.5 | 2162
1888.77 | 2166
1889.04 | 2163
1889.31 | 2169
1889.58 | 2167
1889.86 | 2165
1890.13 | 2161
1890.4 | 2159
1890.67 | 2160
1890.94 | 2153
1891.22 | 2151
1891.49 | 2136
1891.76 | 2126
1892.03 | 2119
1892.3 | 2123
1892.58 | 2118
1892.85 | 2111
1893.12 | 2099
1893.39 | 2092
1893.66 | 2091
1893.94 | 2086
1894.21 | 2085
1894.48 | 2088
1894.75 | 2092
1895.02 | 2089
1895.3 | 2091
1895.57 | 2088
1895.84 | 2084
1896.11 | 2081
1896.38 | 2082
1896.66 | 2071
1896.93 | 2070
1897.2 | 2065
1897.47 | 2070
1897.74 | 2077
1898.02 | 2064
1898.29 | 2072
1898.56 | 2063
1898.83 | 2066
1899.1 | 2072
1899.38 | 2069
1899.65 | 2081
1899.92 | 2063
1900.19 | 2059
1900.46 | 2057
1900.74 | 2056
1901.01 | 2050
1901.28 | 2040
1901.55 | 2047
1901.82 | 2060
1902.1 | 2056
1902.37 | 2060
1902.64 | 2065
1902.91 | 2069
1903.18 | 2079
1903.46 | 2083
1903.73 | 2086
1904 | 2096
1904.27 | 2102
1904.54 | 2098
1904.82 | 2106
1905.09 | 2104
1905.36 | 2105
1905.63 | 2106
1905.9 | 2106
1906.18 | 2110
1906.45 | 2111
1906.72 | 2103
1906.99 | 2111
1907.26 | 2104
1907.54 | 2107
1907.81 | 2109
1908.08 | 2106
1908.35 | 2105
1908.62 | 2105
1908.9 | 2104
1909.17 | 2107
1909.44 | 2105
1909.71 | 2104
1909.98 | 2108
1910.26 | 2110
1910.53 | 2114
1910.8 | 2123
1911.07 | 2114
1911.34 | 2115
1911.62 | 2112
1911.89 | 2106
1912.16 | 2101
1912.43 | 2099
1912.7 | 2104
1912.98 | 2104
1913.25 | 2115
1913.52 | 2109
1913.79 | 2105
1914.06 | 2103
1914.34 | 2107
1914.61 | 2101
1914.88 | 2101
1915.15 | 2103
1915.42 | 2095
1915.7 | 2090
1915.97 | 2098
1916.24 | 2099
1916.51 | 2110
1916.78 | 2111
1917.06 | 2112
1917.33 | 2104
1917.6 | 2101
1917.87 | 2085
1918.14 | 2076
1918.42 | 2083
1918.69 | 2081
1918.96 | 2067
1919.23 | 2063
1919.5 | 2060
1919.78 | 2066
1920.05 | 2066
1920.32 | 2068
1920.59 | 2061
1920.86 | 2052
1921.14 | 2047
1921.41 | 2056
1921.68 | 2049
1921.95 | 2055
1922.22 | 2052
1922.5 | 2045
1922.77 | 2037
1923.04 | 2044
1923.31 | 2045
1923.58 | 2038
1923.86 | 2037
1924.13 | 2041
1924.4 | 2027
1924.67 | 2025
1924.94 | 2026
1925.22 | 2026
1925.49 | 2025
1925.76 | 2024
1926.03 | 2025
1926.3 | 2025
1926.58 | 2016
1926.85 | 2009
1927.12 | 2016
1927.39 | 2001
1927.66 | 1999
1927.94 | 1996
1928.21 | 2002
1928.48 | 2003
1928.75 | 1989
1929.02 | 1997
1929.3 | 1994
1929.57 | 1983
1929.84 | 1983
1930.11 | 1970
1930.38 | 1970
1930.66 | 1966
1930.93 | 1969
1931.2 | 1973
1931.47 | 1978
1931.74 | 1986
1932.02 | 1993
1932.29 | 1985
1932.56 | 1982
1932.83 | 1985
1933.1 | 1992
1933.38 | 1989
1933.65 | 1981
1933.92 | 1974
1934.19 | 1975
1934.46 | 1973
1934.74 | 1977
1935.01 | 1968
1935.28 | 1958
1935.55 | 1962
1935.82 | 1956
1936.1 | 1957
1936.37 | 1949
1936.64 | 1947
1936.91 | 1931
1937.18 | 1934
1937.46 | 1923
1937.73 | 1923
1938 | 1931
1938.27 | 1931
1938.54 | 1932
1938.82 | 1923
1939.09 | 1925
1939.36 | 1931
1939.63 | 1932
1939.9 | 1930
1940.18 | 1929
1940.45 | 1927
1940.72 | 1930
1940.99 | 1926
1941.26 | 1922
1941.54 | 1924
1941.81 | 1928
1942.08 | 1926
1942.35 | 1925
1942.62 | 1916
1942.9 | 1910
1943.17 | 1918
1943.44 | 1916
1943.71 | 1912
1943.98 | 1906
1944.26 | 1900
1944.53 | 1906
1944.8 | 1907
1945.07 | 1907
1945.34 | 1916
1945.62 | 1918
1945.89 | 1918
1946.16 | 1910
1946.43 | 1900
1946.7 | 1901
1946.98 | 1909
1947.25 | 1913
1947.52 | 1916
1947.79 | 1922
1948.06 | 1923
1948.34 | 1924
1948.61 | 1928
1948.88 | 1927
1949.15 | 1931
1949.42 | 1929
1949.7 | 1923
1949.97 | 1923
1950.24 | 1921
1950.51 | 1936
1950.78 | 1940
1951.06 | 1944
1951.33 | 1936
1951.6 | 1922
1951.87 | 1917
1952.14 | 1909
1952.42 | 1898
1952.69 | 1902
1952.96 | 1904
1953.23 | 1908
1953.5 | 1900
1953.78 | 1905
1954.05 | 1896
1954.32 | 1887
1954.59 | 1881
1954.86 | 1880
1955.14 | 1876
1955.41 | 1881
1955.68 | 1879
1955.95 | 1886
1956.22 | 1888
1956.5 | 1884
1956.77 | 1882
1957.04 | 1870
1957.31 | 1881
1957.58 | 1878
1957.86 | 1876
1958.13 | 1875
1958.4 | 1877
1958.67 | 1884
1958.94 | 1882
1959.22 | 1882
1959.49 | 1882
1959.76 | 1882
1960.03 | 1871
1960.3 | 1867
1960.58 | 1875
1960.85 | 1878
1961.12 | 1883
1961.39 | 1895
1961.66 | 1897
1961.94 | 1901
1962.21 | 1901
1962.48 | 1903
1962.75 | 1894
1963.02 | 1894
1963.3 | 1891
1963.57 | 1890
1963.84 | 1896
1964.11 | 1894
1964.38 | 1894
1964.66 | 1905
1964.93 | 1900
1965.2 | 1909
1965.47 | 1905
1965.74 | 1907
1966.02 | 1903
1966.29 | 1903
1966.56 | 1902
1966.83 | 1906
1967.1 | 1899
1967.38 | 1899
1967.65 | 1902
1967.92 | 1905
1968.19 | 1909
1968.46 | 1915
1968.74 | 1918
1969.01 | 1921
1969.28 | 1924
1969.55 | 1926
1969.82 | 1926
1970.1 | 1919
1970.37 | 1919
1970.64 | 1915
1970.91 | 1913
1971.18 | 1908
1971.46 | 1909
1971.73 | 1911
1972 | 1912
1972.27 | 1913
1972.54 | 1904
1972.82 | 1890
1973.09 | 1885
1973.36 | 1882
1973.63 | 1890
1973.9 | 1891
1974.18 | 1889
1974.45 | 1880
1974.72 | 1879
1974.99 | 1881
1975.26 | 1882
1975.54 | 1878
1975.81 | 1886
1976.08 | 1889
1976.35 | 1884
1976.62 | 1880
1976.9 | 1878
1977.17 | 1872
1977.44 | 1870
1977.71 | 1861
1977.98 | 1862
1978.26 | 1861
1978.53 | 1848
1978.8 | 1857
1979.07 | 1861
1979.34 | 1861
1979.62 | 1857
1979.89 | 1858
1980.16 | 1864
1980.43 | 1853
1980.7 | 1847
1980.98 | 1845
1981.25 | 1838
1981.52 | 1834
1981.79 | 1835
1982.06 | 1818
1982.34 | 1812
1982.61 | 1819
1982.88 | 1825
1983.15 | 1830
1983.42 | 1822
1983.7 | 1820
1983.97 | 1822
1984.24 | 1829
1984.51 | 1825
1984.78 | 1822
1985.06 | 1823
1985.33 | 1821
1985.6 | 1829
1985.87 | 1807
1986.14 | 1815
1986.42 | 1822
1986.69 | 1824
1986.96 | 1823
1987.23 | 1817
1987.5 | 1813
1987.78 | 1817
1988.05 | 1810
1988.32 | 1813
1988.59 | 1811
1988.86 | 1817
1989.14 | 1817
1989.41 | 1821
1989.68 | 1814
1989.95 | 1814
1990.22 | 1818
1990.5 | 1819
1990.77 | 1811
1991.04 | 1807
1991.31 | 1804
1991.58 | 1802
1991.86 | 1806
1992.13 | 1809
1992.4 | 1810
1992.67 | 1809
1992.94 | 1810
1993.22 | 1812
1993.49 | 1830
1993.76 | 1827
1994.03 | 1829
1994.3 | 1832
1994.58 | 1834
1994.85 | 1832
1995.12 | 1834
1995.39 | 1824
1995.66 | 1816
1995.94 | 1808
1996.21 | 1803
1996.48 | 1801
1996.75 | 1793
1997.02 | 1794
1997.3 | 1799
1997.57 | 1804
1997.84 | 1789
1998.11 | 1783
1998.38 | 1788
1998.66 | 1786
1998.93 | 1775
1999.2 | 1770
1999.47 | 1768
1999.74 | 1774
2000.02 | 1766
2000.29 | 1769
2000.56 | 1761
2000.83 | 1759
2001.1 | 1757
2001.38 | 1758
2001.65 | 1751
2001.92 | 1756
2002.19 | 1757
2002.46 | 1745
2002.74 | 1738
2003.01 | 1731
2003.28 | 1729
2003.55 | 1724
2003.82 | 1718
2004.1 | 1713
2004.37 | 1714
2004.64 | 1711
2004.91 | 1707
2005.18 | 1708
2005.46 | 1711
2005.73 | 1712
2006 | 1702
2006.27 | 1700
2006.54 | 1688
2006.82 | 1683
2007.09 | 1685
2007.36 | 1694
2007.63 | 1698
2007.9 | 1693
2008.18 | 1696
2008.45 | 1696
2008.72 | 1695
2008.99 | 1702
2009.26 | 1701
2009.54 | 1699
2009.81 | 1708
2010.08 | 1705
2010.35 | 1700
2010.62 | 1700
2010.9 | 1694
2011.17 | 1694
2011.44 | 1698
2011.71 | 1705
2011.98 | 1702
2012.26 | 1700
2012.53 | 1703
2012.8 | 1712
2013.07 | 1713
2013.34 | 1715
2013.62 | 1704
2013.89 | 1705
2014.16 | 1693
2014.43 | 1705
2014.7 | 1715
2014.98 | 1720
2015.25 | 1716
2015.52 | 1715
2015.79 | 1715
2016.06 | 1714
2016.34 | 1717
2016.61 | 1736
2016.88 | 1732
2017.15 | 1737
2017.42 | 1741
2017.7 | 1741
2017.97 | 1739
2018.24 | 1738
2018.51 | 1733
2018.78 | 1735
2019.06 | 1730
2019.33 | 1729
2019.6 | 1728
2019.87 | 1722
2020.14 | 1725
2020.42 | 1723
2020.69 | 1727
2020.96 | 1728
2021.23 | 1730
2021.5 | 1729
2021.78 | 1718
2022.05 | 1711
2022.32 | 1714
2022.59 | 1710
2022.86 | 1708
2023.14 | 1697
2023.41 | 1690
2023.68 | 1693
2023.95 | 1697
2024.22 | 1696
2024.5 | 1687
2024.77 | 1687
2025.04 | 1688
2025.31 | 1693
2025.58 | 1685
2025.86 | 1694
2026.13 | 1703
2026.4 | 1699
2026.67 | 1697
2026.94 | 1701
2027.22 | 1701
2027.49 | 1700
2027.76 | 1705
2028.03 | 1711
2028.3 | 1714
2028.58 | 1718
2028.85 | 1725
2029.12 | 1718
2029.39 | 1724
2029.66 | 1736
2029.94 | 1734
2030.21 | 1731
2030.48 | 1733
2030.75 | 1738
2031.02 | 1741
2031.3 | 1739
2031.57 | 1744
2031.84 | 1743
2032.11 | 1744
2032.38 | 1745
2032.66 | 1733
2032.93 | 1728
2033.2 | 1733
2033.47 | 1726
2033.74 | 1731
2034.02 | 1737
2034.29 | 1738
2034.56 | 1724
2034.83 | 1732
2035.1 | 1731
2035.38 | 1727
2035.65 | 1722
2035.92 | 1731
2036.19 | 1731
2036.46 | 1737
2036.74 | 1733
2037.01 | 1738
2037.28 | 1731
2037.55 | 1734
2037.82 | 1725
2038.1 | 1720
2038.37 | 1712
2038.64 | 1707
2038.91 | 1709
2039.18 | 1710
2039.46 | 1703
2039.73 | 1701
2040 | 1708
2040.27 | 1713
2040.54 | 1708
2040.82 | 1711
2041.09 | 1716
2041.36 | 1711
2041.63 | 1717
2041.9 | 1727
2042.18 | 1726
2042.45 | 1726
2042.72 | 1729
2042.99 | 1739
2043.26 | 1739
2043.54 | 1746
2043.81 | 1741
2044.08 | 1734
2044.35 | 1736
2044.62 | 1732
2044.9 | 1738
2045.17 | 1733
2045.44 | 1734
2045.71 | 1732
2045.98 | 1732
2046.26 | 1731
2046.53 | 1735
2046.8 | 1738
2047.07 | 1728
2047.34 | 1731
2047.62 | 1736
2047.89 | 1739
2048.16 | 1744
2048.43 | 1753
2048.7 | 1754
2048.98 | 1757
2049.25 | 1756
2049.52 | 1760
2049.79 | 1759
2050.06 | 1764
2050.34 | 1767
2050.61 | 1770
2050.88 | 1762
2051.15 | 1759
2051.42 | 1752
2051.7 | 1748
2051.97 | 1754
2052.24 | 1758
2052.51 | 1740
2052.78 | 1745
2053.06 | 1746
2053.33 | 1748
2053.6 | 1754
2053.87 | 1756
2054.14 | 1758
2054.42 | 1761
2054.69 | 1757
2054.96 | 1758
2055.23 | 1753
2055.5 | 1756
2055.78 | 1758
2056.05 | 1749
2056.32 | 1758
2056.59 | 1758
2056.86 | 1765
2057.14 | 1760
2057.41 | 1755
2057.68 | 1761
2057.95 | 1765
2058.22 | 1764
2058.5 | 1769
2058.77 | 1777
2059.04 | 1789
2059.31 | 1796
2059.58 | 1804
2059.86 | 1801
2060.13 | 1807
2060.4 | 1808
2060.67 | 1816
2060.94 | 1815
2061.22 | 1809
2061.49 | 1806
2061.76 | 1811
2062.03 | 1807
2062.3 | 1813
2062.58 | 1815
2062.85 | 1821
2063.12 | 1813
2063.39 | 1819
2063.66 | 1820
2063.94 | 1823
2064.21 | 1824
2064.48 | 1820
2064.75 | 1817
2065.02 | 1822
2065.3 | 1810
2065.57 | 1822
2065.84 | 1817
2066.11 | 1819
2066.38 | 1817
2066.66 | 1818
2066.93 | 1807
2067.2 | 1805
2067.47 | 1804
2067.74 | 1805
2068.02 | 1800
2068.29 | 1810
2068.56 | 1812
2068.83 | 1824
2069.1 | 1837
2069.38 | 1835
2069.65 | 1844
2069.92 | 1846
2070.19 | 1847
2070.46 | 1842
2070.74 | 1846
2071.01 | 1850
2071.28 | 1852
2071.55 | 1857
2071.82 | 1863
2072.1 | 1874
2072.37 | 1873
2072.64 | 1880
2072.91 | 1891
2073.18 | 1896
2073.46 | 1903
2073.73 | 1908
2074 | 1911
2074.27 | 1919
2074.54 | 1938
2074.82 | 1941
2075.09 | 1951
2075.36 | 1959
2075.63 | 1960
2075.9 | 1956
2076.18 | 1958
2076.45 | 1955
2076.72 | 1953
2076.99 | 1950
2077.26 | 1938
2077.54 | 1937
2077.81 | 1933
2078.08 | 1928
2078.35 | 1918
2078.62 | 1924
2078.9 | 1919
2079.17 | 1926
2079.44 | 1925
2079.71 | 1909
2079.98 | 1908
2080.26 | 1911
2080.53 | 1896
2080.8 | 1897
2081.07 | 1891
2081.34 | 1890
2081.62 | 1895
2081.89 | 1891
2082.16 | 1895
2082.43 | 1894
2082.7 | 1888
2082.98 | 1888
2083.25 | 1893
2083.52 | 1885
2083.79 | 1894
2084.06 | 1894
2084.34 | 1886
2084.61 | 1890
2084.88 | 1888
2085.15 | 1889
2085.42 | 1889
2085.7 | 1892
2085.97 | 1892
2086.24 | 1893
2086.51 | 1888
2086.78 | 1891
2087.06 | 1881
2087.33 | 1892
2087.6 | 1888
2087.87 | 1887
2088.14 | 1880
2088.42 | 1881
2088.69 | 1875
2088.96 | 1882
2089.23 | 1886
2089.5 | 1885
2089.78 | 1891
2090.05 | 1895
2090.32 | 1901
2090.59 | 1908
2090.86 | 1906
2091.14 | 1904
2091.41 | 1901
2091.68 | 1903
2091.95 | 1902
2092.22 | 1911
2092.5 | 1915
2092.77 | 1921
2093.04 | 1915
2093.31 | 1911
2093.58 | 1912
2093.86 | 1909
2094.13 | 1909
2094.4 | 1904
2094.67 | 1906
2094.94 | 1903
2095.22 | 1904
2095.49 | 1897
2095.76 | 1889
2096.03 | 1894
2096.3 | 1888
2096.58 | 1880
2096.85 | 1886
2097.12 | 1889
2097.39 | 1891
2097.66 | 1897
2097.94 | 1889
2098.21 | 1887
2098.48 | 1883
2098.75 | 1879
2099.02 | 1886
2099.3 | 1878
2099.57 | 1881
2099.84 | 1880
2100.11 | 1883
2100.38 | 1883
2100.66 | 1866
2100.93 | 1871
2101.2 | 1868
2101.47 | 1859
2101.74 | 1856
2102.02 | 1857
2102.29 | 1858
2102.56 | 1866
2102.83 | 1864
2103.1 | 1869
2103.38 | 1873
2103.65 | 1872
2103.92 | 1871
2104.19 | 1861
2104.46 | 1852
2104.74 | 1861
2105.01 | 1856
2105.28 | 1852
2105.55 | 1843
2105.82 | 1840
2106.1 | 1837
2106.37 | 1836
2106.64 | 1829
2106.91 | 1832
2107.18 | 1827
2107.46 | 1831
2107.73 | 1821
2108 | 1821
2108.27 | 1817
2108.54 | 1809
2108.82 | 1799
2109.09 | 1793
2109.36 | 1784
2109.63 | 1778
2109.9 | 1780
2110.18 | 1781
2110.45 | 1780
2110.72 | 1784
2110.99 | 1783
2111.26 | 1767
2111.54 | 1762
2111.81 | 1766
2112.08 | 1757
2112.35 | 1753
2112.62 | 1745
2112.9 | 1738
2113.17 | 1743
2113.44 | 1742
2113.71 | 1734
2113.98 | 1733
2114.26 | 1733
2114.53 | 1730
2114.8 | 1734
2115.07 | 1747
2115.34 | 1746
2115.62 | 1746
2115.89 | 1753
2116.16 | 1757
2116.43 | 1758
2116.7 | 1761
2116.98 | 1767
2117.25 | 1773
2117.52 | 1780
2117.79 | 1787
2118.06 | 1787
2118.34 | 1784
2118.61 | 1787
2118.88 | 1786
2119.15 | 1777
2119.42 | 1772
2119.7 | 1775
2119.97 | 1776
2120.24 | 1768
2120.51 | 1771
2120.78 | 1776
2121.06 | 1784
2121.33 | 1778
2121.6 | 1779
2121.87 | 1777
2122.14 | 1776
2122.42 | 1770
2122.69 | 1767
2122.96 | 1763
2123.23 | 1755
2123.5 | 1754
2123.78 | 1761
2124.05 | 1766
2124.32 | 1770
2124.59 | 1780
2124.86 | 1779
2125.14 | 1780
2125.41 | 1778
2125.68 | 1769
2125.95 | 1774
2126.22 | 1773
2126.5 | 1764
2126.77 | 1770
2127.04 | 1771
2127.31 | 1778
2127.58 | 1780
2127.86 | 1776
2128.13 | 1775
2128.4 | 1789
2128.67 | 1798
2128.94 | 1794
2129.22 | 1790
2129.49 | 1786
2129.76 | 1791
2130.03 | 1802
2130.3 | 1813
2130.58 | 1819
2130.85 | 1831
2131.12 | 1836
2131.39 | 1841
2131.66 | 1841
2131.94 | 1845
2132.21 | 1851
2132.48 | 1850
2132.75 | 1859
2133.02 | 1866
2133.3 | 1867
2133.57 | 1872
2133.84 | 1874
2134.11 | 1880
2134.38 | 1885
2134.66 | 1880
2134.93 | 1883
2135.2 | 1889
2135.47 | 1882
2135.74 | 1884
2136.02 | 1884
2136.29 | 1895
2136.56 | 1891
2136.83 | 1897
2137.1 | 1902
2137.38 | 1899
2137.65 | 1917
2137.92 | 1923
2138.19 | 1927
2138.46 | 1927
2138.74 | 1925
2139.01 | 1928
2139.28 | 1934
2139.55 | 1929
2139.82 | 1932
2140.1 | 1933
2140.37 | 1946
2140.64 | 1945
2140.91 | 1948
2141.18 | 1947
2141.46 | 1949
2141.73 | 1947
2142 | 1948
2142.27 | 1941
2142.54 | 1940
2142.82 | 1951
2143.09 | 1958
2143.36 | 1960
2143.63 | 1963
2143.9 | 1961
2144.18 | 1958
2144.45 | 1949
2144.72 | 1954
2144.99 | 1956
2145.26 | 1953
2145.54 | 1961
2145.81 | 1964
2146.08 | 1970
2146.35 | 1974
2146.62 | 1977
2146.9 | 1982
2147.17 | 1978
2147.44 | 1974
2147.71 | 1971
2147.98 | 1967
2148.26 | 1961
2148.53 | 1965
2148.8 | 1966
2149.07 | 1958
2149.34 | 1952
2149.62 | 1954
2149.89 | 1958
2150.16 | 1953
2150.43 | 1963
2150.7 | 1948
2150.98 | 1953
2151.25 | 1945
2151.52 | 1935
2151.79 | 1929
2152.06 | 1935
2152.34 | 1928
2152.61 | 1920
2152.88 | 1917
2153.15 | 1907
2153.42 | 1904
2153.7 | 1902
2153.97 | 1892
2154.24 | 1881
2154.51 | 1871
2154.78 | 1866
2155.06 | 1868
2155.33 | 1863
2155.6 | 1862
2155.87 | 1861
2156.14 | 1862
2156.42 | 1859
2156.69 | 1851
2156.96 | 1851
2157.23 | 1846
2157.5 | 1846
2157.78 | 1856
2158.05 | 1845
2158.32 | 1847
2158.59 | 1848
2158.86 | 1841
2159.14 | 1844
2159.41 | 1852
2159.68 | 1850
2159.95 | 1837
2160.22 | 1838
2160.5 | 1847
2160.77 | 1838
2161.04 | 1833
2161.31 | 1828
2161.58 | 1821
2161.86 | 1829
2162.13 | 1824
2162.4 | 1821
2162.67 | 1821
2162.94 | 1821
2163.22 | 1817
2163.49 | 1807
2163.76 | 1806
2164.03 | 1810
2164.3 | 1818
2164.58 | 1820
2164.85 | 1816
2165.12 | 1815
2165.39 | 1810
2165.66 | 1792
2165.94 | 1782
2166.21 | 1769
2166.48 | 1762
2166.75 | 1757
2167.02 | 1759
2167.3 | 1751
2167.57 | 1746
2167.84 | 1739
2168.11 | 1734
2168.38 | 1738
2168.66 | 1733
2168.93 | 1727
2169.2 | 1720
2169.47 | 1722
2169.74 | 1715
2170.02 | 1711
2170.29 | 1698
2170.56 | 1693
2170.83 | 1680
2171.1 | 1674
2171.38 | 1668
2171.65 | 1666
2171.92 | 1659
2172.19 | 1668
2172.46 | 1670
2172.74 | 1663
2173.01 | 1659
2173.28 | 1659
2173.55 | 1661
2173.82 | 1658
2174.1 | 1656
2174.37 | 1666
2174.64 | 1668
2174.91 | 1669
2175.18 | 1663
2175.46 | 1664
2175.73 | 1659
2176 | 1651
2176.27 | 1652
2176.54 | 1649
2176.82 | 1642
2177.09 | 1647
2177.36 | 1640
2177.63 | 1639
2177.9 | 1633
2178.18 | 1633
2178.45 | 1636
2178.72 | 1630
2178.99 | 1620
2179.26 | 1625
2179.54 | 1622
2179.81 | 1620
2180.08 | 1622
2180.35 | 1613
2180.62 | 1621
2180.9 | 1613
2181.17 | 1613
2181.44 | 1618
2181.71 | 1633
2181.98 | 1638
2182.26 | 1638
2182.53 | 1636
2182.8 | 1638
2183.07 | 1632
2183.34 | 1641
2183.62 | 1648
2183.89 | 1649
2184.16 | 1652
2184.43 | 1652
2184.7 | 1650
2184.98 | 1654
2185.25 | 1643
2185.52 | 1644
2185.79 | 1642
2186.06 | 1646
2186.34 | 1653
2186.61 | 1657
2186.88 | 1663
2187.15 | 1659
2187.42 | 1663
2187.7 | 1667
2187.97 | 1662
2188.24 | 1664
2188.51 | 1665
2188.78 | 1660
2189.06 | 1662
2189.33 | 1666
2189.6 | 1660
2189.87 | 1661
2190.14 | 1662
2190.42 | 1665
2190.69 | 1675
2190.96 | 1673
2191.23 | 1670
2191.5 | 1682
2191.78 | 1678
2192.05 | 1680
2192.32 | 1674
2192.59 | 1668
2192.86 | 1661
2193.14 | 1656
2193.41 | 1653
2193.68 | 1650
2193.95 | 1650
2194.22 | 1643
2194.5 | 1653
2194.77 | 1643
2195.04 | 1643
2195.31 | 1658
2195.58 | 1657
2195.86 | 1655
2196.13 | 1654
2196.4 | 1659
2196.67 | 1663
2196.94 | 1657
2197.22 | 1660
2197.49 | 1658
2197.76 | 1652
2198.03 | 1661
2198.3 | 1659
2198.58 | 1665
2198.85 | 1660
2199.12 | 1662
2199.39 | 1668
2199.66 | 1670
2199.94 | 1675
2200.21 | 1673
2200.48 | 1668
2200.75 | 1673
2201.02 | 1682
2201.3 | 1678
2201.57 | 1677
2201.84 | 1678
2202.11 | 1680
2202.38 | 1681
2202.66 | 1674
2202.93 | 1673
2203.2 | 1668
2203.47 | 1670
2203.74 | 1673
2204.02 | 1675
2204.29 | 1672
2204.56 | 1673
2204.83 | 1674
2205.1 | 1680
2205.38 | 1685
2205.65 | 1678
2205.92 | 1682
2206.19 | 1690
2206.46 | 1686
2206.74 | 1689
2207.01 | 1684
2207.28 | 1677
2207.55 | 1674
2207.82 | 1674
2208.1 | 1680
2208.37 | 1684
2208.64 | 1681
2208.91 | 1678
2209.18 | 1682
2209.46 | 1688
2209.73 | 1687
2210 | 1693
2210.27 | 1691
2210.54 | 1689
2210.82 | 1685
2211.09 | 1685
2211.36 | 1690
2211.63 | 1698
2211.9 | 1701
2212.18 | 1694
2212.45 | 1701
2212.72 | 1707
2212.99 | 1710
2213.26 | 1714
2213.54 | 1716
2213.81 | 1718
2214.08 | 1724
2214.35 | 1724
2214.62 | 1730
2214.9 | 1738
2215.17 | 1743
2215.44 | 1745
2215.71 | 1737
2215.98 | 1734
2216.26 | 1747
2216.53 | 1753
2216.8 | 1754
2217.07 | 1758
2217.34 | 1755
2217.62 | 1759
2217.89 | 1759
2218.16 | 1753
2218.43 | 1757
2218.7 | 1762
2218.98 | 1765
2219.25 | 1766
2219.52 | 1770
2219.79 | 1768
2220.06 | 1770
2220.34 | 1767
2220.61 | 1772
2220.88 | 1776
2221.15 | 1772
2221.42 | 1771
2221.7 | 1766
2221.97 | 1770
2222.24 | 1772
2222.51 | 1780
2222.78 | 1782
2223.06 | 1781
2223.33 | 1784
2223.6 | 1776
2223.87 | 1770
2224.14 | 1772
2224.42 | 1771
2224.69 | 1779
2224.96 | 1781
2225.23 | 1784
2225.5 | 1784
2225.78 | 1775
2226.05 | 1778
2226.32 | 1782
2226.59 | 1782
2226.86 | 1782
2227.14 | 1781
2227.41 | 1797
2227.68 | 1804
2227.95 | 1802
2228.22 | 1793
2228.5 | 1799
2228.77 | 1803
2229.04 | 1803
2229.31 | 1801
2229.58 | 1803
2229.86 | 1802
2230.13 | 1800
2230.4 | 1792
2230.67 | 1791
2230.94 | 1786
2231.22 | 1780
2231.49 | 1788
2231.76 | 1781
2232.03 | 1779
2232.3 | 1779
2232.58 | 1784
2232.85 | 1789
2233.12 | 1791
2233.39 | 1786
2233.66 | 1784
2233.94 | 1776
2234.21 | 1782
2234.48 | 1783
2234.75 | 1777
2235.02 | 1779
2235.3 | 1778
2235.57 | 1777
2235.84 | 1773
2236.11 | 1775
2236.38 | 1770
2236.66 | 1769
2236.93 | 1762
2237.2 | 1761
2237.47 | 1753
2237.74 | 1749
2238.02 | 1744
2238.29 | 1727
2238.56 | 1716
2238.83 | 1713
2239.1 | 1712
2239.38 | 1708
2239.65 | 1706
2239.92 | 1704
2240.19 | 1712
2240.46 | 1713
2240.74 | 1714
2241.01 | 1715
2241.28 | 1714
2241.55 | 1712
2241.82 | 1710
2242.1 | 1704
2242.37 | 1695
2242.64 | 1695
2242.91 | 1701
2243.18 | 1694
2243.46 | 1709
2243.73 | 1715
2244 | 1718
2244.27 | 1716
2244.54 | 1715
2244.82 | 1718
2245.09 | 1714
2245.36 | 1717
2245.63 | 1715
2245.9 | 1717
2246.18 | 1718
2246.45 | 1715
2246.72 | 1702
2246.99 | 1692
2247.26 | 1687
2247.54 | 1693
2247.81 | 1684
2248.08 | 1676
2248.35 | 1675
2248.62 | 1678
2248.9 | 1670
2249.17 | 1662
2249.44 | 1656
2249.71 | 1663
2249.98 | 1661
2250.26 | 1661
2250.53 | 1644
2250.8 | 1630
2251.07 | 1622
2251.34 | 1625
2251.62 | 1626
2251.89 | 1629
2252.16 | 1630
2252.43 | 1624
2252.7 | 1616
2252.98 | 1610
2253.25 | 1611
2253.52 | 1617
2253.79 | 1613
2254.06 | 1603
2254.34 | 1605
2254.61 | 1599
2254.88 | 1600
2255.15 | 1593
2255.42 | 1595
2255.7 | 1591
2255.97 | 1584
2256.24 | 1570
2256.51 | 1579
2256.78 | 1569
2257.06 | 1572
2257.33 | 1571
2257.6 | 1562
2257.87 | 1558
2258.14 | 1558
2258.42 | 1561
2258.69 | 1561
2258.96 | 1560
2259.23 | 1559
2259.5 | 1557
2259.78 | 1559
2260.05 | 1555
2260.32 | 1550
2260.59 | 1549
2260.86 | 1540
2261.14 | 1546
2261.41 | 1542
2261.68 | 1538
2261.95 | 1533
2262.22 | 1529
2262.5 | 1535
2262.77 | 1540
2263.04 | 1540
2263.31 | 1529
2263.58 | 1537
2263.86 | 1535
2264.13 | 1539
2264.4 | 1544
2264.67 | 1546
2264.94 | 1545
2265.22 | 1541
2265.49 | 1544
2265.76 | 1532
2266.03 | 1529
2266.3 | 1522
2266.58 | 1520
2266.85 | 1522
2267.12 | 1526
2267.39 | 1526
2267.66 | 1521
2267.94 | 1521
2268.21 | 1526
2268.48 | 1531
2268.75 | 1535
2269.02 | 1542
2269.3 | 1536
2269.57 | 1539
2269.84 | 1534
2270.11 | 1535
2270.38 | 1537
2270.66 | 1538
2270.93 | 1540
2271.2 | 1543
2271.47 | 1552
2271.74 | 1561
2272.02 | 1556
2272.29 | 1556
2272.56 | 1559
2272.83 | 1569
2273.1 | 1573
2273.38 | 1577
2273.65 | 1582
2273.92 | 1582
2274.19 | 1578
2274.46 | 1577
2274.74 | 1587
2275.01 | 1596
2275.28 | 1596
2275.55 | 1607
2275.82 | 1608
2276.1 | 1612
2276.37 | 1609
2276.64 | 1617
2276.91 | 1619
2277.18 | 1631
2277.46 | 1636
2277.73 | 1631
2278 | 1637
2278.27 | 1636
2278.54 | 1635
2278.82 | 1629
2279.09 | 1637
2279.36 | 1634
2279.63 | 1633
2279.9 | 1624
2280.18 | 1623
2280.45 | 1630
2280.72 | 1632
2280.99 | 1637
2281.26 | 1648
2281.54 | 1652
2281.81 | 1649
2282.08 | 1654
2282.35 | 1653
2282.62 | 1653
2282.9 | 1647
2283.17 | 1655
2283.44 | 1647
2283.71 | 1647
2283.98 | 1657
2284.26 | 1659
2284.53 | 1662
2284.8 | 1666
2285.07 | 1668
2285.34 | 1668
2285.62 | 1667
2285.89 | 1677
2286.16 | 1678
2286.43 | 1676
2286.7 | 1666
2286.98 | 1664
2287.25 | 1661
2287.52 | 1668
2287.79 | 1668
2288.06 | 1673
2288.34 | 1677
2288.61 | 1684
2288.88 | 1688
2289.15 | 1695
2289.42 | 1704
2289.7 | 1703
2289.97 | 1704
2290.24 | 1712
2290.51 | 1717
2290.78 | 1710
2291.06 | 1713
2291.33 | 1711
2291.6 | 1707
2291.87 | 1708
2292.14 | 1706
2292.42 | 1723
2292.69 | 1729
2292.96 | 1732
2293.23 | 1748
2293.5 | 1751
2293.78 | 1746
2294.05 | 1756
2294.32 | 1751
2294.59 | 1757
2294.86 | 1762
2295.14 | 1761
2295.41 | 1765
2295.68 | 1760
2295.95 | 1764
2296.22 | 1767
2296.5 | 1774
2296.77 | 1763
2297.04 | 1772
2297.31 | 1780
2297.58 | 1778
2297.86 | 1771
2298.13 | 1767
2298.4 | 1761
2298.67 | 1767
2298.94 | 1774
2299.22 | 1770
2299.49 | 1775
2299.76 | 1784
2300.03 | 1792
2300.3 | 1796
2300.58 | 1791
2300.85 | 1784
2301.12 | 1792
2301.39 | 1773
2301.66 | 1773
2301.94 | 1774
2302.21 | 1773
2302.48 | 1771
2302.75 | 1767
2303.02 | 1772
2303.3 | 1783
2303.57 | 1787
2303.84 | 1786
2304.11 | 1790
2304.38 | 1789
2304.66 | 1781
2304.93 | 1777
2305.2 | 1772
2305.47 | 1781
2305.74 | 1778
2306.02 | 1766
2306.29 | 1764
2306.56 | 1762
2306.83 | 1768
2307.1 | 1767
2307.38 | 1764
2307.65 | 1757
2307.92 | 1745
2308.19 | 1729
2308.46 | 1726
2308.74 | 1718
2309.01 | 1720
2309.28 | 1711
2309.55 | 1704
2309.82 | 1701
2310.1 | 1698
2310.37 | 1695
2310.64 | 1684
2310.91 | 1685
2311.18 | 1682
2311.46 | 1677
2311.73 | 1669
2312 | 1655
2312.27 | 1656
2312.54 | 1653
2312.82 | 1643
2313.09 | 1635
2313.36 | 1639
2313.63 | 1643
2313.9 | 1640
2314.18 | 1632
2314.45 | 1625
2314.72 | 1619
2314.99 | 1610
2315.26 | 1611
2315.54 | 1608
2315.81 | 1612
2316.08 | 1604
2316.35 | 1601
2316.62 | 1598
2316.9 | 1600
2317.17 | 1595
2317.44 | 1597
2317.71 | 1590
2317.98 | 1578
2318.26 | 1574
2318.53 | 1578
2318.8 | 1582
2319.07 | 1584
2319.34 | 1579
2319.62 | 1578
2319.89 | 1574
2320.16 | 1572
2320.43 | 1567
2320.7 | 1566
2320.98 | 1569
2321.25 | 1566
2321.52 | 1563
2321.79 | 1554
2322.06 | 1546
2322.34 | 1544
2322.61 | 1545
2322.88 | 1548
2323.15 | 1536
2323.42 | 1537
2323.7 | 1537
2323.97 | 1534
2324.24 | 1534
2324.51 | 1537
2324.78 | 1534
2325.06 | 1527
2325.33 | 1522
2325.6 | 1529
2325.87 | 1525
2326.14 | 1525
2326.42 | 1525
2326.69 | 1527
2326.96 | 1519
2327.23 | 1521
2327.5 | 1519
2327.78 | 1512
2328.05 | 1514
2328.32 | 1510
2328.59 | 1519
2328.86 | 1523
2329.14 | 1526
2329.41 | 1529
2329.68 | 1531
2329.95 | 1524
2330.22 | 1523
2330.5 | 1508
2330.77 | 1507
2331.04 | 1505
2331.31 | 1511
2331.58 | 1504
2331.86 | 1510
2332.13 | 1501
2332.4 | 1512
2332.67 | 1510
2332.94 | 1501
2333.22 | 1506
2333.49 | 1503
2333.76 | 1502
2334.03 | 1499
2334.3 | 1498
2334.58 | 1506
2334.85 | 1505
2335.12 | 1501
2335.39 | 1502
2335.66 | 1504
2335.94 | 1509
2336.21 | 1505
2336.48 | 1501
2336.75 | 1504
2337.02 | 1500
2337.3 | 1491
2337.57 | 1497
2337.84 | 1498
2338.11 | 1495
2338.38 | 1494
2338.66 | 1485
2338.93 | 1481
2339.2 | 1480
2339.47 | 1490
2339.74 | 1490
2340.02 | 1489
2340.29 | 1495
2340.56 | 1495
2340.83 | 1507
2341.1 | 1512
2341.38 | 1519
2341.65 | 1523
2341.92 | 1520
2342.19 | 1520
2342.46 | 1514
2342.74 | 1512
2343.01 | 1507
2343.28 | 1505
2343.55 | 1499
2343.82 | 1492
2344.1 | 1504
2344.37 | 1512
2344.64 | 1512
2344.91 | 1523
2345.18 | 1525
2345.46 | 1525
2345.73 | 1521
2346 | 1532
2346.27 | 1537
2346.54 | 1538
2346.82 | 1544
2347.09 | 1551
2347.36 | 1554
2347.63 | 1548
2347.9 | 1552
2348.18 | 1550
2348.45 | 1551
2348.72 | 1549
2348.99 | 1552
2349.26 | 1548
2349.54 | 1548
2349.81 | 1542
2350.08 | 1536
2350.35 | 1539
2350.62 | 1543
2350.9 | 1546
2351.17 | 1550
2351.44 | 1549
2351.71 | 1546
2351.98 | 1545
2352.26 | 1537
2352.53 | 1541
2352.8 | 1543
2353.07 | 1552
2353.34 | 1547
2353.62 | 1553
2353.89 | 1546
2354.16 | 1551
2354.43 | 1546
2354.7 | 1545
2354.98 | 1538
2355.25 | 1528
2355.52 | 1526
2355.79 | 1526
2356.06 | 1523
2356.34 | 1527
2356.61 | 1524
2356.88 | 1527
2357.15 | 1536
2357.42 | 1528
2357.7 | 1536
2357.97 | 1537
2358.24 | 1534
2358.51 | 1540
2358.78 | 1544
2359.06 | 1551
2359.33 | 1550
2359.6 | 1551
2359.87 | 1548
2360.14 | 1547
2360.42 | 1547
2360.69 | 1549
2360.96 | 1550
2361.23 | 1542
2361.5 | 1543
2361.78 | 1541
2362.05 | 1544
2362.32 | 1553
2362.59 | 1559
2362.86 | 1565
2363.14 | 1576
2363.41 | 1577
2363.68 | 1574
2363.95 | 1576
2364.22 | 1575
2364.5 | 1572
2364.77 | 1580
2365.04 | 1582
2365.31 | 1581
2365.58 | 1579
2365.86 | 1574
2366.13 | 1573
2366.4 | 1574
2366.67 | 1571
2366.94 | 1577
2367.22 | 1580
2367.49 | 1579
2367.76 | 1586
2368.03 | 1587
2368.3 | 1588
2368.58 | 1583
2368.85 | 1586
2369.12 | 1588
2369.39 | 1601
2369.66 | 1601
2369.94 | 1610
2370.21 | 1609
2370.48 | 1602
2370.75 | 1596
2371.02 | 1603
2371.3 | 1600
2371.57 | 1600
2371.84 | 1602
2372.11 | 1598
2372.38 | 1596
2372.66 | 1595
2372.93 | 1592
2373.2 | 1597
2373.47 | 1600
2373.74 | 1611
2374.02 | 1606
2374.29 | 1601
2374.56 | 1601
2374.83 | 1613
2375.1 | 1627
2375.38 | 1627
2375.65 | 1628
2375.92 | 1628
2376.19 | 1636
2376.46 | 1639
2376.74 | 1635
2377.01 | 1631
2377.28 | 1636
2377.55 | 1634
2377.82 | 1633
2378.1 | 1644
2378.37 | 1649
2378.64 | 1651
2378.91 | 1657
2379.18 | 1657
2379.46 | 1656
2379.73 | 1661
2380 | 1654
2380.27 | 1653
2380.54 | 1656
2380.82 | 1662
2381.09 | 1671
2381.36 | 1678
2381.63 | 1681
2381.9 | 1687
2382.18 | 1683
2382.45 | 1694
2382.72 | 1704
2382.99 | 1707
2383.26 | 1704
2383.54 | 1694
2383.81 | 1700
2384.08 | 1690
2384.35 | 1694
2384.62 | 1691
2384.9 | 1691
2385.17 | 1694
2385.44 | 1695
2385.71 | 1693
2385.98 | 1701
2386.26 | 1697
2386.53 | 1701
2386.8 | 1705
2387.07 | 1705
2387.34 | 1708
2387.62 | 1712
2387.89 | 1715
2388.16 | 1725
2388.43 | 1739
2388.7 | 1738
2388.98 | 1732
2389.25 | 1736
2389.52 | 1729
2389.79 | 1733
2390.06 | 1719
2390.34 | 1728
2390.61 | 1727
2390.88 | 1738
2391.15 | 1735
2391.42 | 1746
2391.7 | 1744
2391.97 | 1740
2392.24 | 1731
2392.51 | 1746
2392.78 | 1749
2393.06 | 1745
2393.33 | 1745
2393.6 | 1741
2393.87 | 1741
2394.14 | 1749
2394.42 | 1748
2394.69 | 1743
2394.96 | 1740
2395.23 | 1740
2395.5 | 1732
2395.78 | 1742
2396.05 | 1740
2396.32 | 1727
2396.59 | 1719
2396.86 | 1729
2397.14 | 1732
2397.41 | 1735
2397.68 | 1740
2397.95 | 1741
2398.22 | 1741
2398.5 | 1736
2398.77 | 1741
2399.04 | 1735
2399.31 | 1737
2399.58 | 1739
2399.86 | 1735
2400.13 | 1734
2400.4 | 1728
2400.67 | 1729
2400.94 | 1724
2401.22 | 1709
2401.49 | 1705
2401.76 | 1695
2402.03 | 1696
2402.3 | 1699
2402.58 | 1698
2402.85 | 1697
2403.12 | 1687
2403.39 | 1685
2403.66 | 1687
2403.94 | 1690
2404.21 | 1684
2404.48 | 1681
2404.75 | 1686
2405.02 | 1681
2405.3 | 1682
2405.57 | 1681
2405.84 | 1684
2406.11 | 1685
2406.38 | 1681
2406.66 | 1679
2406.93 | 1681
2407.2 | 1685
2407.47 | 1687
2407.74 | 1687
2408.02 | 1686
2408.29 | 1692
2408.56 | 1692
2408.83 | 1695
2409.1 | 1690
2409.38 | 1686
2409.65 | 1693
2409.92 | 1688
2410.19 | 1698
2410.46 | 1697
2410.74 | 1708
2411.01 | 1696
2411.28 | 1698
2411.55 | 1694
2411.82 | 1698
2412.1 | 1690
2412.37 | 1677
2412.64 | 1669
2412.91 | 1669
2413.18 | 1670
2413.46 | 1662
2413.73 | 1657
2414 | 1661
2414.27 | 1654
2414.54 | 1646
2414.82 | 1646
2415.09 | 1634
2415.36 | 1624
2415.63 | 1626
2415.9 | 1629
2416.18 | 1625
2416.45 | 1629
2416.72 | 1623
2416.99 | 1629
2417.26 | 1621
2417.54 | 1627
2417.81 | 1623
2418.08 | 1624
2418.35 | 1618
2418.62 | 1620
2418.9 | 1613
2419.17 | 1607
2419.44 | 1603
2419.71 | 1598
2419.98 | 1593
2420.26 | 1591
2420.53 | 1589
2420.8 | 1585
2421.07 | 1593
2421.34 | 1591
2421.62 | 1592
2421.89 | 1587
2422.16 | 1582
2422.43 | 1583
2422.7 | 1581
2422.98 | 1575
2423.25 | 1576
2423.52 | 1577
2423.79 | 1577
2424.06 | 1576
2424.34 | 1568
2424.61 | 1557
2424.88 | 1553
2425.15 | 1549
2425.42 | 1549
2425.7 | 1552
2425.97 | 1542
2426.24 | 1542
2426.51 | 1542
2426.78 | 1547
2427.06 | 1549
2427.33 | 1547
2427.6 | 1548
2427.87 | 1545
2428.14 | 1541
2428.42 | 1533
2428.69 | 1532
2428.96 | 1533
2429.23 | 1533
2429.5 | 1529
2429.78 | 1534
2430.05 | 1536
2430.32 | 1528
2430.59 | 1530
2430.86 | 1535
2431.14 | 1541
2431.41 | 1536
2431.68 | 1531
2431.95 | 1535
2432.22 | 1535
2432.5 | 1539
2432.77 | 1536
2433.04 | 1532
2433.31 | 1526
2433.58 | 1524
2433.86 | 1519
2434.13 | 1524
2434.4 | 1511
2434.67 | 1518
2434.94 | 1521
2435.22 | 1527
2435.49 | 1526
2435.76 | 1529
2436.03 | 1523
2436.3 | 1523
2436.58 | 1524
2436.85 | 1519
2437.12 | 1521
2437.39 | 1521
2437.66 | 1521
2437.94 | 1523
2438.21 | 1526
2438.48 | 1532
2438.75 | 1536
2439.02 | 1544
2439.3 | 1543
2439.57 | 1562
2439.84 | 1555
2440.11 | 1552
2440.38 | 1557
2440.66 | 1551
2440.93 | 1560
2441.2 | 1555
2441.47 | 1549
2441.74 | 1551
2442.02 | 1549
2442.29 | 1552
2442.56 | 1554
2442.83 | 1552
2443.1 | 1558
2443.38 | 1558
2443.65 | 1552
2443.92 | 1542
2444.19 | 1530
2444.46 | 1519
2444.74 | 1514
2445.01 | 1525
2445.28 | 1526
2445.55 | 1529
2445.82 | 1532
2446.1 | 1528
2446.37 | 1528
2446.64 | 1527
2446.91 | 1526
2447.18 | 1525
2447.46 | 1517
2447.73 | 1515
2448 | 1506
2448.27 | 1500
2448.54 | 1499
2448.82 | 1492
2449.09 | 1495
2449.36 | 1494
2449.63 | 1494
2449.9 | 1496
2450.18 | 1491
2450.45 | 1494
2450.72 | 1489
2450.99 | 1489
2451.26 | 1496
2451.54 | 1498
2451.81 | 1497
2452.08 | 1483
2452.35 | 1489
2452.62 | 1487
2452.9 | 1489
2453.17 | 1493
2453.44 | 1489
2453.71 | 1485
2453.98 | 1471
2454.26 | 1471
2454.53 | 1461
2454.8 | 1461
2455.07 | 1455
2455.34 | 1452
2455.62 | 1443
2455.89 | 1450
2456.16 | 1446
2456.43 | 1439
2456.7 | 1433
2456.98 | 1431
2457.25 | 1429
2457.52 | 1428
2457.79 | 1431
2458.06 | 1426
2458.34 | 1422
2458.61 | 1414
2458.88 | 1424
2459.15 | 1429
2459.42 | 1426
2459.7 | 1430
2459.97 | 1432
2460.24 | 1435
2460.51 | 1436
2460.78 | 1432
2461.06 | 1435
2461.33 | 1432
2461.6 | 1427
2461.87 | 1419
2462.14 | 1415
2462.42 | 1420
2462.69 | 1428
2462.96 | 1435
2463.23 | 1431
2463.5 | 1431
2463.78 | 1431
2464.05 | 1426
2464.32 | 1420
2464.59 | 1410
2464.86 | 1405
2465.14 | 1407
2465.41 | 1407
2465.68 | 1407
2465.95 | 1415
2466.22 | 1413
2466.5 | 1417
2466.77 | 1407
2467.04 | 1406
2467.31 | 1407
2467.58 | 1408
2467.86 | 1405
2468.13 | 1412
2468.4 | 1410
2468.67 | 1411
2468.94 | 1395
2469.22 | 1396
2469.49 | 1397
2469.76 | 1394
2470.03 | 1386
2470.3 | 1377
2470.58 | 1366
2470.85 | 1363
2471.12 | 1362
2471.39 | 1357
2471.66 | 1358
2471.94 | 1363
2472.21 | 1358
2472.48 | 1356
2472.75 | 1357
2473.02 | 1359
2473.3 | 1356
2473.57 | 1366
2473.84 | 1369
2474.11 | 1366
2474.38 | 1374
2474.66 | 1365
2474.93 | 1365
2475.2 | 1366
2475.47 | 1374
2475.74 | 1375
2476.02 | 1379
2476.29 | 1383
2476.56 | 1381
2476.83 | 1389
2477.1 | 1382
2477.38 | 1380
2477.65 | 1375
2477.92 | 1374
2478.19 | 1376
2478.46 | 1376
2478.74 | 1372
2479.01 | 1372
2479.28 | 1384
2479.55 | 1391
2479.82 | 1394
2480.1 | 1400
2480.37 | 1397
2480.64 | 1406
2480.91 | 1397
2481.18 | 1402
2481.46 | 1402
2481.73 | 1401
2482 | 1398
2482.27 | 1401
2482.54 | 1408
2482.82 | 1412
2483.09 | 1419
2483.36 | 1419
2483.63 | 1422
2483.9 | 1423
2484.18 | 1423
2484.45 | 1417
2484.72 | 1415
2484.99 | 1419
2485.26 | 1424
2485.54 | 1424
2485.81 | 1433
2486.08 | 1435
2486.35 | 1435
2486.62 | 1434
2486.9 | 1433
2487.17 | 1437
2487.44 | 1443
2487.71 | 1447
2487.98 | 1453
2488.26 | 1449
2488.53 | 1459
2488.8 | 1462
2489.07 | 1469
2489.34 | 1478
2489.62 | 1480
2489.89 | 1481
2490.16 | 1485
2490.43 | 1487
2490.7 | 1495
2490.98 | 1506
2491.25 | 1512
2491.52 | 1511
2491.79 | 1517
2492.06 | 1522
2492.34 | 1522
2492.61 | 1520
2492.88 | 1522
2493.15 | 1527
2493.42 | 1534
2493.7 | 1547
2493.97 | 1558
2494.24 | 1558
2494.51 | 1557
2494.78 | 1557
2495.06 | 1569
2495.33 | 1577
2495.6 | 1581
2495.87 | 1582
2496.14 | 1583
2496.42 | 1579
2496.69 | 1581
2496.96 | 1591
2497.23 | 1603
2497.5 | 1605
2497.78 | 1605
2498.05 | 1609
2498.32 | 1613
2498.59 | 1616
2498.86 | 1612
2499.14 | 1609
2499.41 | 1612
2499.68 | 1604
2499.95 | 1613
2500.22 | 1618
2500.5 | 1627
2500.77 | 1635
2501.04 | 1638
2501.31 | 1638
2501.58 | 1648
2501.86 | 1642
2502.13 | 1650
2502.4 | 1650
2502.67 | 1655
2502.94 | 1659
2503.22 | 1660
2503.49 | 1663
2503.76 | 1663
2504.03 | 1659
2504.3 | 1658
2504.58 | 1658
2504.85 | 1652
2505.12 | 1652
2505.39 | 1649
2505.66 | 1659
2505.94 | 1649
2506.21 | 1654
2506.48 | 1653
2506.75 | 1652
2507.02 | 1650
2507.3 | 1643
2507.57 | 1648
2507.84 | 1650
2508.11 | 1646
2508.38 | 1651
2508.66 | 1659
2508.93 | 1664
2509.2 | 1676
2509.47 | 1680
2509.74 | 1680
2510.02 | 1679
2510.29 | 1678
2510.56 | 1680
2510.83 | 1683
2511.1 | 1681
2511.38 | 1677
2511.65 | 1668
2511.92 | 1662
2512.19 | 1654
2512.46 | 1655
2512.74 | 1654
2513.01 | 1650
2513.28 | 1648
2513.55 | 1635
2513.82 | 1631
2514.1 | 1631
2514.37 | 1640
2514.64 | 1637
2514.91 | 1635
2515.18 | 1631
2515.46 | 1628
2515.73 | 1628
2516 | 1623
2516.27 | 1618
2516.54 | 1621
2516.82 | 1620
2517.09 | 1605
2517.36 | 1599
2517.63 | 1596
2517.9 | 1598
2518.18 | 1587
2518.45 | 1578
2518.72 | 1583
2518.99 | 1590
2519.26 | 1594
2519.54 | 1589
2519.81 | 1593
2520.08 | 1593
2520.35 | 1591
2520.62 | 1582
2520.9 | 1572
2521.17 | 1564
2521.44 | 1559
2521.71 | 1552
2521.98 | 1549
2522.26 | 1549
2522.53 | 1542
2522.8 | 1535
2523.07 | 1535
2523.34 | 1537
2523.62 | 1542
2523.89 | 1532
2524.16 | 1528
2524.43 | 1525
2524.7 | 1520
2524.98 | 1521
2525.25 | 1517
2525.52 | 1509
2525.79 | 1502
2526.06 | 1497
2526.34 | 1503
2526.61 | 1488
2526.88 | 1485
2527.15 | 1481
2527.42 | 1483
2527.7 | 1475
2527.97 | 1482
2528.24 | 1482
2528.51 | 1475
2528.78 | 1470
2529.06 | 1465
2529.33 | 1461
2529.6 | 1453
2529.87 | 1449
2530.14 | 1440
2530.42 | 1434
2530.69 | 1429
2530.96 | 1423
2531.23 | 1425
2531.5 | 1427
2531.78 | 1417
2532.05 | 1418
2532.32 | 1409
2532.59 | 1410
2532.86 | 1407
2533.14 | 1401
2533.41 | 1399
2533.68 | 1397
2533.95 | 1398
2534.22 | 1390
2534.5 | 1388
2534.77 | 1383
2535.04 | 1388
2535.31 | 1385
2535.58 | 1394
2535.86 | 1392
2536.13 | 1394
2536.4 | 1393
2536.67 | 1398
2536.94 | 1400
2537.22 | 1389
2537.49 | 1393
2537.76 | 1391
2538.03 | 1386
2538.3 | 1386
2538.58 | 1383
2538.85 | 1381
2539.12 | 1378
2539.39 | 1386
2539.66 | 1385
2539.94 | 1376
2540.21 | 1380
2540.48 | 1391
2540.75 | 1388
2541.02 | 1384
2541.3 | 1387
2541.57 | 1385
2541.84 | 1378
2542.11 | 1379
2542.38 | 1384
2542.66 | 1390
2542.93 | 1395
2543.2 | 1404
2543.47 | 1411
2543.74 | 1413
2544.02 | 1418
2544.29 | 1423
2544.56 | 1429
2544.83 | 1426
2545.1 | 1426
2545.38 | 1420
2545.65 | 1418
2545.92 | 1419
2546.19 | 1421
2546.46 | 1424
2546.74 | 1424
2547.01 | 1424
2547.28 | 1425
2547.55 | 1424
2547.82 | 1420
2548.1 | 1422
2548.37 | 1417
2548.64 | 1423
2548.91 | 1422
2549.18 | 1426
2549.46 | 1424
2549.73 | 1426
2550 | 1428
2550.27 | 1436
2550.54 | 1442
2550.82 | 1452
2551.09 | 1458
2551.36 | 1459
2551.63 | 1463
2551.9 | 1459
2552.18 | 1467
2552.45 | 1468
2552.72 | 1472
2552.99 | 1472
2553.26 | 1484
2553.54 | 1482
2553.81 | 1485
2554.08 | 1486
2554.35 | 1487
2554.62 | 1489
2554.9 | 1493
2555.17 | 1491
2555.44 | 1488
2555.71 | 1490
2555.98 | 1498
2556.26 | 1495
2556.53 | 1490
2556.8 | 1487
2557.07 | 1491
2557.34 | 1489
2557.62 | 1492
2557.89 | 1487
2558.16 | 1490
2558.43 | 1483
2558.7 | 1477
2558.98 | 1476
2559.25 | 1475
2559.52 | 1475
2559.79 | 1471
2560.06 | 1469
2560.34 | 1475
2560.61 | 1471
2560.88 | 1461
2561.15 | 1463
2561.42 | 1460
2561.7 | 1467
2561.97 | 1466
2562.24 | 1467
2562.51 | 1469
2562.78 | 1468
2563.06 | 1477
2563.33 | 1475
2563.6 | 1468
2563.87 | 1461
2564.14 | 1458
2564.42 | 1459
2564.69 | 1460
2564.96 | 1459
2565.23 | 1459
2565.5 | 1470
2565.78 | 1467
2566.05 | 1460
2566.32 | 1466
2566.59 | 1464
2566.86 | 1469
2567.14 | 1462
2567.41 | 1454
2567.68 | 1451
2567.95 | 1445
2568.22 | 1440
2568.5 | 1448
2568.77 | 1446
2569.04 | 1456
2569.31 | 1452
2569.58 | 1449
2569.86 | 1454
2570.13 | 1456
2570.4 | 1452
2570.67 | 1446
2570.94 | 1450
2571.22 | 1444
2571.49 | 1445
2571.76 | 1437
2572.03 | 1435
2572.3 | 1432
2572.58 | 1429
2572.85 | 1428
2573.12 | 1425
2573.39 | 1421
2573.66 | 1414
2573.94 | 1403
2574.21 | 1405
2574.48 | 1405
2574.75 | 1402
2575.02 | 1406
2575.3 | 1399
2575.57 | 1399
2575.84 | 1405
2576.11 | 1403
2576.38 | 1401
2576.66 | 1396
2576.93 | 1391
2577.2 | 1399
2577.47 | 1393
2577.74 | 1387
2578.02 | 1387
2578.29 | 1384
2578.56 | 1384
2578.83 | 1383
2579.1 | 1382
2579.38 | 1386
2579.65 | 1382
2579.92 | 1381
2580.19 | 1375
2580.46 | 1374
2580.74 | 1380
2581.01 | 1388
2581.28 | 1386
2581.55 | 1383
2581.82 | 1388
2582.1 | 1389
2582.37 | 1388
2582.64 | 1381
2582.91 | 1386
2583.18 | 1389
2583.46 | 1383
2583.73 | 1386
2584 | 1389
2584.27 | 1395
2584.54 | 1396
2584.82 | 1397
2585.09 | 1396
2585.36 | 1396
2585.63 | 1401
2585.9 | 1399
2586.18 | 1397
2586.45 | 1388
2586.72 | 1394
2586.99 | 1396
2587.26 | 1398
2587.54 | 1400
2587.81 | 1407
2588.08 | 1407
2588.35 | 1406
2588.62 | 1410
2588.9 | 1401
2589.17 | 1391
2589.44 | 1391
2589.71 | 1383
2589.98 | 1378
2590.26 | 1378
2590.53 | 1372
2590.8 | 1369
2591.07 | 1372
2591.34 | 1368
2591.62 | 1375
2591.89 | 1379
2592.16 | 1372
2592.43 | 1380
2592.7 | 1379
2592.98 | 1385
2593.25 | 1388
2593.52 | 1384
2593.79 | 1386
2594.06 | 1400
2594.34 | 1399
2594.61 | 1399
2594.88 | 1403
2595.15 | 1408
2595.42 | 1415
2595.7 | 1406
2595.97 | 1409
2596.24 | 1415
2596.51 | 1419
2596.78 | 1414
2597.06 | 1427
2597.33 | 1427
2597.6 | 1416
2597.87 | 1422
2598.14 | 1421
2598.42 | 1419
2598.69 | 1407
2598.96 | 1413
2599.23 | 1419
2599.5 | 1421
2599.78 | 1425
2600.05 | 1428
2600.32 | 1418
2600.59 | 1426
2600.86 | 1427
2601.14 | 1434
2601.41 | 1435
2601.68 | 1431
2601.95 | 1428
2602.22 | 1432
2602.5 | 1429
2602.77 | 1418
2603.04 | 1410
2603.31 | 1417
2603.58 | 1417
2603.86 | 1413
2604.13 | 1407
2604.4 | 1402
2604.67 | 1398
2604.94 | 1396
2605.22 | 1395
2605.49 | 1405
2605.76 | 1412
2606.03 | 1413
2606.3 | 1411
2606.58 | 1410
2606.85 | 1408
2607.12 | 1415
2607.39 | 1413
2607.66 | 1413
2607.94 | 1403
2608.21 | 1395
2608.48 | 1402
2608.75 | 1413
2609.02 | 1406
2609.3 | 1412
2609.57 | 1416
2609.84 | 1419
2610.11 | 1426
2610.38 | 1426
2610.66 | 1419
2610.93 | 1429
2611.2 | 1428
2611.47 | 1428
2611.74 | 1433
2612.02 | 1443
2612.29 | 1440
2612.56 | 1444
2612.83 | 1445
2613.1 | 1439
2613.38 | 1437
2613.65 | 1434
2613.92 | 1439
2614.19 | 1431
2614.46 | 1430
2614.74 | 1435
2615.01 | 1431
2615.28 | 1428
2615.55 | 1426
2615.82 | 1420
2616.1 | 1422
2616.37 | 1425
2616.64 | 1430
2616.91 | 1428
2617.18 | 1421
2617.46 | 1414
2617.73 | 1414
2618 | 1406
2618.27 | 1396
2618.54 | 1387
2618.82 | 1392
2619.09 | 1394
2619.36 | 1390
2619.63 | 1385
2619.9 | 1393
2620.18 | 1389
2620.45 | 1380
2620.72 | 1374
2620.99 | 1375
2621.26 | 1369
2621.54 | 1364
2621.81 | 1361
2622.08 | 1362
2622.35 | 1362
2622.62 | 1358
2622.9 | 1349
2623.17 | 1349
2623.44 | 1340
2623.71 | 1336
2623.98 | 1324
2624.26 | 1322
2624.53 | 1328
2624.8 | 1325
2625.07 | 1319
2625.34 | 1327
2625.62 | 1334
2625.89 | 1345
2626.16 | 1331
2626.43 | 1331
2626.7 | 1336
2626.98 | 1334
2627.25 | 1332
2627.52 | 1336
2627.79 | 1329
2628.06 | 1324
2628.34 | 1325
2628.61 | 1321
2628.88 | 1327
2629.15 | 1328
2629.42 | 1330
2629.7 | 1334
2629.97 | 1332
2630.24 | 1327
2630.51 | 1325
2630.78 | 1324
2631.06 | 1323
2631.33 | 1323
2631.6 | 1312
2631.87 | 1309
2632.14 | 1318
2632.42 | 1321
2632.69 | 1318
2632.96 | 1326
2633.23 | 1319
2633.5 | 1317
2633.78 | 1316
2634.05 | 1319
2634.32 | 1321
2634.59 | 1327
2634.86 | 1332
2635.14 | 1332
2635.41 | 1329
2635.68 | 1330
2635.95 | 1325
2636.22 | 1321
2636.5 | 1313
2636.77 | 1319
2637.04 | 1316
2637.31 | 1318
2637.58 | 1328
2637.86 | 1332
2638.13 | 1335
2638.4 | 1335
2638.67 | 1323
2638.94 | 1320
2639.22 | 1327
2639.49 | 1325
2639.76 | 1321
2640.03 | 1310
2640.3 | 1315
2640.58 | 1309
2640.85 | 1312
2641.12 | 1322
2641.39 | 1314
2641.66 | 1303
2641.94 | 1306
2642.21 | 1315
2642.48 | 1312
2642.75 | 1309
2643.02 | 1314
2643.3 | 1322
2643.57 | 1328
2643.84 | 1331
2644.11 | 1339
2644.38 | 1335
2644.66 | 1337
2644.93 | 1335
2645.2 | 1342
2645.47 | 1347
2645.74 | 1341
2646.02 | 1342
2646.29 | 1348
2646.56 | 1355
2646.83 | 1352
2647.1 | 1351
2647.38 | 1341
2647.65 | 1335
2647.92 | 1333
2648.19 | 1330
2648.46 | 1325
2648.74 | 1338
2649.01 | 1336
2649.28 | 1332
2649.55 | 1337
2649.82 | 1344
2650.1 | 1344
2650.37 | 1344
2650.64 | 1348
2650.91 | 1343
2651.18 | 1347
2651.46 | 1349
2651.73 | 1349
2652 | 1354
2652.27 | 1355
2652.54 | 1364
2652.82 | 1367
2653.09 | 1375
2653.36 | 1376
2653.63 | 1383
2653.9 | 1385
2654.18 | 1385
2654.45 | 1398
2654.72 | 1402
2654.99 | 1406
2655.26 | 1407
2655.54 | 1404
2655.81 | 1414
2656.08 | 1421
2656.35 | 1418
2656.62 | 1419
2656.9 | 1424
2657.17 | 1431
2657.44 | 1426
2657.71 | 1424
2657.98 | 1425
2658.26 | 1429
2658.53 | 1437
2658.8 | 1438
2659.07 | 1451
2659.34 | 1459
2659.62 | 1454
2659.89 | 1460
2660.16 | 1460
2660.43 | 1459
2660.7 | 1461
2660.98 | 1448
2661.25 | 1453
2661.52 | 1460
2661.79 | 1464
2662.06 | 1467
2662.34 | 1473
2662.61 | 1484
2662.88 | 1491
2663.15 | 1492
2663.42 | 1494
2663.7 | 1497
2663.97 | 1500
2664.24 | 1499
2664.51 | 1498
2664.78 | 1494
2665.06 | 1489
2665.33 | 1485
2665.6 | 1487
2665.87 | 1485
2666.14 | 1490
2666.42 | 1482
2666.69 | 1486
2666.96 | 1492
2667.23 | 1485
2667.5 | 1497
2667.78 | 1498
2668.05 | 1501
2668.32 | 1499
2668.59 | 1498
2668.86 | 1501
2669.14 | 1494
2669.41 | 1498
2669.68 | 1501
2669.95 | 1506
2670.22 | 1502
2670.5 | 1495
2670.77 | 1486
2671.04 | 1475
2671.31 | 1472
2671.58 | 1466
2671.86 | 1457
2672.13 | 1451
2672.4 | 1452
2672.67 | 1445
2672.94 | 1426
2673.22 | 1418
2673.49 | 1408
2673.76 | 1394
2674.03 | 1388
2674.3 | 1382
2674.58 | 1368
2674.85 | 1364
2675.12 | 1351
2675.39 | 1341
2675.66 | 1333
2675.94 | 1326
2676.21 | 1322
2676.48 | 1296
2676.75 | 1300
2677.02 | 1289
2677.3 | 1283
2677.57 | 1274
2677.84 | 1263
2678.11 | 1250
2678.38 | 1238
2678.66 | 1224
2678.93 | 1221
2679.2 | 1212
2679.47 | 1206
2679.74 | 1191
2680.02 | 1177
2680.29 | 1162
2680.56 | 1154
2680.83 | 1139
2681.1 | 1130
2681.38 | 1116
2681.65 | 1105
2681.92 | 1093
2682.19 | 1084
2682.46 | 1067
2682.74 | 1055
2683.01 | 1038
2683.28 | 1027
2683.55 | 1019
2683.82 | 1001
2684.1 | 980
2684.37 | 972
2684.64 | 957
2684.91 | 942
2685.18 | 927
2685.46 | 915
2685.73 | 901
2686 | 885
2686.27 | 870
2686.54 | 859
2686.82 | 842
2687.09 | 826
2687.36 | 815
2687.63 | 802
2687.9 | 790
2688.18 | 777
2688.45 | 761
2688.72 | 742
2688.99 | 727
2689.26 | 708
2689.54 | 694
2689.81 | 677
2690.08 | 667
2690.35 | 654
2690.62 | 639
2690.9 | 626
2691.17 | 616
2691.44 | 605
2691.71 | 593
2691.98 | 579
2692.26 | 563
2692.53 | 546
2692.8 | 533
2693.07 | 519
2693.34 | 505
2693.62 | 490
2693.89 | 479
2694.16 | 471
2694.43 | 460
2694.7 | 448
2694.98 | 442
2695.25 | 429
2695.52 | 418
2695.79 | 409
2696.06 | 395
2696.34 | 385
2696.61 | 376
2696.88 | 362
2697.15 | 350
2697.42 | 333
2697.7 | 321
2697.97 | 308
2698.24 | 292
2698.51 | 279
2698.78 | 268
2699.06 | 251
2699.33 | 245
2699.6 | 234
2699.87 | 224
2700.14 | 212
2700.42 | 204
2700.69 | 190
2700.96 | 181
2701.23 | 170
2701.5 | 159
2701.78 | 149
2702.05 | 138
2702.32 | 125
2702.59 | 117
2702.86 | 110
2703.14 | 101
2703.41 | 91
2703.68 | 86
2703.95 | 78
2704.22 | 75
2704.5 | 66
2704.77 | 55
2705.04 | 51
2705.31 | 46
2705.58 | 39
2705.86 | 28
2706.13 | 23
2706.4 | 18
2706.67 | 14
2706.94 | 9
2707.22 | 8
2707.49 | 5
2707.76 | 3
2708.03 | 0
2708.3 | 0
2708.58 | 0
2708.85 | 0
2709.12 | 0
2709.39 | 0
2709.66 | 0
2709.94 | 0
2710.21 | 0
2710.48 | 0
2710.75 | 0
2711.02 | 0
2711.3 | 0
2711.57 | 0
2711.84 | 0
2712.11 | 0
2712.38 | 0
2712.66 | 0
2712.93 | 0
2713.2 | 0
2713.47 | 0
2713.74 | 0
2714.02 | 0
2714.29 | 0
2714.56 | 0
2714.83 | 0
2715.1 | 0
2715.38 | 0
2715.65 | 0
2715.92 | 0
2716.19 | 0
2716.46 | 0
2716.74 | 0
2717.01 | 0
2717.28 | 0
2717.55 | 0
2717.82 | 0
2718.1 | 0
2718.37 | 0
2718.64 | 0
2718.91 | 0
2719.18 | 0
2719.46 | 0
2719.73 | 0
2720 | 0

